180114-sky-2
0.224317, 0.221079, 0.221981, 0.220762
0.214542, 0.211799, 0.212580, 0.211512
0.257838, 0.254785, 0.256277, 0.254395
0.376607, 0.374783, 0.396618, 0.373746
0.763549, 0.772565, 1.850606, 0.761716
2.107620, 1.953201, 4.932051, 1.879706
4.941900, 5.765419, 10.898566, 5.761986
8.229740, 11.186954, 23.079058, 11.184425
15.544568, 25.638877, 45.385610, 24.217681
34.612106, 46.160186, 68.477188, 44.711717
50.258437, 65.548893, 91.154866, 63.474929
61.053237, 81.753546, 111.664213, 78.669262
70.222583, 96.884231, 130.798693, 92.242452
79.392245, 110.553986, 148.596517, 104.962729
86.050870, 121.510397, 162.924183, 115.185470
91.866101, 130.980227, 174.807894, 123.661193
96.891323, 138.681866, 184.494421, 130.782902
101.535870, 144.386980, 191.571811, 136.434122
106.189524, 149.337595, 197.778993, 141.364286
109.944135, 153.337265, 202.479577, 145.278215
112.269198, 156.439997, 207.011569, 148.425553
123.376316, 162.331678, 210.702141, 155.596092
117.880788, 161.690470, 213.570635, 153.998763
120.121954, 163.750860, 216.259060, 156.174870
121.439505, 165.047322, 218.159944, 157.549817
123.510589, 166.981151, 220.691151, 159.598772
127.880653, 169.717954, 222.621700, 162.726763
125.229168, 168.487056, 223.151992, 161.312747
124.267203, 168.283717, 224.242204, 161.040129
135.985731, 174.675107, 226.730307, 168.508293
129.599550, 172.149324, 227.584950, 165.302821
129.474580, 172.258067, 228.239958, 165.405620
127.807967, 171.014494, 228.325474, 164.273962
129.376276, 172.279935, 229.413282, 165.589610
130.709873, 173.142268, 230.241815, 166.571490
128.240122, 171.561519, 229.956885, 164.968893
130.710346, 173.036498, 231.126551, 166.709607
128.910630, 172.094727, 231.224559, 165.584729
127.305002, 171.101860, 231.339199, 164.468331
127.059811, 170.881882, 231.128826, 164.243896
127.282413, 171.068378, 231.660540, 164.457346
130.131516, 172.907534, 232.494250, 166.541843
127.891319, 171.333266, 232.100959, 164.817937
128.308922, 171.729822, 232.402626, 165.217713
130.274965, 172.754338, 232.645937, 166.456714
131.019092, 173.249347, 233.289755, 167.033759
128.832746, 171.689859, 232.586891, 165.339374
139.800244, 178.690276, 235.346869, 173.019715
166.190051, 194.385369, 238.503034, 190.436250
122.946270, 168.018970, 232.072872, 161.381917
122.803977, 167.949678, 232.161118, 161.306612
124.706924, 169.095609, 232.536656, 162.584405
121.041249, 166.769431, 231.505764, 159.999853
119.364093, 165.673569, 231.538405, 158.797139
120.695662, 166.633600, 231.957599, 159.868818
121.096049, 166.640632, 231.921321, 159.978210
118.883983, 165.396609, 231.586787, 158.486979
119.479379, 165.641124, 231.548611, 158.826039
117.676351, 164.457812, 230.925743, 157.472361
116.354681, 163.520240, 230.260807, 156.458936
117.926973, 164.579729, 230.990310, 157.647687
117.392390, 164.117378, 230.591175, 157.160896
116.652487, 163.629341, 230.379315, 156.619696
115.861413, 163.003566, 229.886114, 155.961482
116.359538, 163.252824, 229.855632, 156.250461
117.433564, 164.024741, 230.397430, 157.096375
118.404084, 164.165078, 229.876190, 157.474098
114.931474, 162.201867, 229.484972, 155.195256
113.810065, 161.466768, 228.872427, 154.364857
113.173038, 161.061807, 228.686533, 153.925136
113.814989, 161.469638, 228.820584, 154.358596
114.285425, 161.688899, 228.826672, 154.645024
113.078769, 160.878439, 228.467533, 153.740884
113.456861, 161.237405, 228.736008, 154.109892
110.587233, 159.052182, 227.246273, 151.765376
112.948387, 160.844932, 228.394597, 153.698394
111.871092, 160.070459, 227.776115, 152.832024
110.664675, 159.126341, 226.967356, 151.802365
112.422707, 160.543422, 227.933558, 153.295038
111.833841, 160.121624, 227.477705, 152.804227
111.648995, 159.989854, 227.261335, 152.644946
111.083254, 159.540300, 226.876565, 152.159654
110.561826, 159.129976, 226.509192, 151.704307
110.863213, 159.375146, 226.697703, 151.970302
111.213188, 159.719309, 226.727871, 152.250213
110.424185, 159.143363, 226.309740, 151.614110
109.797286, 158.605015, 225.686613, 151.030978
110.579234, 159.298515, 225.991972, 151.683416
110.326793, 159.129420, 225.746143, 151.459010
110.782932, 159.444973, 225.633466, 151.754816
110.177831, 159.024470, 225.022729, 151.248809
111.076968, 159.667420, 225.371386, 151.906151
110.375006, 159.141531, 224.600224, 151.327152
108.877132, 158.214541, 224.313061, 150.341348
108.416719, 157.853863, 223.986840, 149.972876
106.993448, 156.898088, 223.218692, 148.933521
109.136484, 158.177320, 223.337415, 150.339499
106.249382, 156.405868, 222.399935, 148.383561
105.958625, 156.350327, 222.317036, 148.275779
104.925086, 155.701540, 221.677812, 147.539438
103.839672, 154.909721, 220.944813, 146.654102
101.934731, 153.601728, 219.678218, 145.172967
101.500518, 153.439552, 219.293687, 144.914252
100.807975, 153.008402, 218.716026, 144.403668
99.116134, 151.921594, 217.592198, 143.118554
97.318061, 150.854769, 216.542572, 141.829262
96.765136, 150.523965, 215.780556, 141.371354
93.837511, 148.335876, 213.353529, 138.879795
91.723520, 146.874272, 211.576737, 137.092669
90.990454, 146.398509, 210.306398, 136.355703
87.939724, 143.867188, 207.239894, 133.620782
86.111538, 142.041523, 204.320805, 131.871950
84.636691, 140.601465, 201.593437, 130.344323
82.258816, 137.263857, 197.016174, 126.852630
79.602107, 133.679346, 191.654512, 123.843367
76.386703, 128.828032, 185.966216, 119.019940
70.779401, 122.148352, 177.604393, 112.803129
67.420834, 115.172510, 167.415918, 106.233287
61.796334, 106.025359, 155.201361, 97.868596
53.499049, 95.369678, 140.739813, 87.405153
40.198223, 79.268714, 122.075488, 72.096551
24.552566, 61.636806, 101.160073, 54.757076
1.137196, 42.905763, 80.454708, 34.251288
0.345894, 25.032416, 58.008043, 20.711087
0.293918, 12.004634, 34.319806, 10.466687
1.328080, 5.536566, 17.245109, 5.409741
1.206247, 2.232755, 7.772623, 2.129318
0.649452, 0.767628, 2.870680, 0.634598
0.379784, 0.378673, 0.480529, 0.377357
180210-sky05
0.564740, 1.049882, 4.093571, 0.784973
1.017235, 2.394158, 9.105488, 2.083999
1.310376, 7.885547, 21.577089, 6.956821
4.245771, 20.823943, 44.199375, 18.083651
18.808330, 32.272154, 55.702378, 30.583488
43.113474, 52.000998, 72.834363, 51.389170
39.400055, 49.289902, 70.532167, 48.330094
51.191928, 59.347794, 79.821674, 58.959261
54.693379, 62.347354, 81.349924, 61.715675
61.264400, 68.632795, 86.915691, 67.919551
73.438129, 80.506514, 98.778685, 79.798329
96.772415, 104.332569, 123.198922, 103.737110
108.745386, 116.274389, 134.797493, 115.599715
101.820604, 109.293678, 127.504931, 108.514470
112.693499, 120.157505, 137.934643, 119.212103
119.282641, 126.140560, 142.360593, 125.327880
159.083646, 165.869716, 179.822395, 164.958159
215.274454, 218.485832, 225.091168, 217.581591
209.685572, 213.643969, 221.389734, 212.727155
223.443329, 226.487405, 232.590728, 225.541513
221.899777, 225.023566, 231.307125, 224.016482
216.321650, 220.495236, 227.257790, 219.513180
204.575667, 209.171090, 218.854713, 208.414493
226.810171, 229.892271, 235.526989, 228.896744
216.994666, 221.375789, 230.039922, 220.447214
235.238723, 237.384253, 241.844172, 236.783888
237.874554, 239.633672, 243.638731, 239.193890
245.853456, 247.051550, 249.929076, 246.432813
249.607941, 249.758622, 250.856050, 249.617681
249.158264, 249.384906, 250.890856, 249.166241
247.144953, 247.928732, 249.945312, 247.158574
247.976559, 248.537800, 250.400922, 248.016326
245.385893, 246.317095, 249.031570, 245.749219
250.734602, 251.075222, 252.523417, 250.744230
250.669896, 250.991265, 252.357719, 250.683126
246.136853, 247.141787, 249.787965, 246.483179
248.732390, 249.445289, 251.280274, 248.736257
248.589060, 249.232718, 251.109807, 248.592857
246.712220, 247.646212, 249.819745, 246.802793
220.683184, 224.852529, 233.769818, 223.866873
213.023716, 217.745995, 226.617103, 216.779900
220.730957, 225.210259, 232.969240, 224.200656
223.998772, 228.782356, 236.464387, 227.684856
228.900064, 233.064944, 239.679416, 232.041161
232.920570, 236.144258, 241.586050, 235.195800
230.022463, 233.290399, 238.904967, 232.488343
226.578194, 230.493103, 237.320717, 229.488468
213.162347, 217.584114, 226.504174, 216.655695
189.286172, 195.715038, 206.077453, 194.848355
200.434618, 205.930091, 216.135964, 205.280548
227.169429, 230.959924, 237.519859, 229.958849
183.761527, 189.913531, 201.172698, 188.982308
223.088252, 227.024821, 234.509641, 226.104092
222.956848, 227.137106, 234.680050, 226.157704
211.103179, 216.294278, 226.079777, 215.497981
242.607298, 243.718943, 246.983045, 243.305740
216.200504, 220.394606, 228.082816, 219.396939
192.329301, 197.897040, 208.019810, 197.193296
198.877352, 204.219104, 213.985197, 203.379112
230.405449, 233.464742, 239.106759, 232.511839
233.130720, 235.799378, 240.709360, 234.968473
229.263037, 232.647129, 238.726666, 231.782560
226.093266, 230.387385, 237.243827, 229.395119
232.399307, 235.374960, 240.798126, 234.426743
206.827850, 211.607030, 220.773512, 210.645942
207.442633, 212.620806, 222.475920, 211.841564
228.596748, 232.532979, 239.000261, 231.534547
239.653874, 241.659618, 245.791921, 241.085172
247.237355, 248.195147, 250.427855, 247.357813
240.910203, 242.890707, 246.856448, 242.395145
237.118384, 240.015493, 244.978255, 239.073477
223.657364, 228.037178, 235.585751, 227.044452
231.517501, 235.250857, 241.880281, 234.250705
245.133891, 246.142976, 249.227506, 245.684277
243.999846, 245.005120, 248.457764, 244.730528
232.223980, 235.313636, 241.341072, 234.305041
234.314329, 237.227084, 242.473058, 236.305421
227.627184, 231.020678, 237.591084, 230.011817
211.764811, 215.994295, 223.651965, 215.080254
203.409093, 207.726426, 216.454462, 206.788487
174.347848, 180.154139, 190.572291, 179.528710
181.855727, 187.323581, 197.353682, 186.582151
210.324048, 214.759228, 222.746270, 213.789894
210.306040, 214.454480, 222.914542, 213.488241
173.759425, 179.354712, 189.840636, 178.799410
182.632948, 188.024617, 198.385844, 187.438626
159.891930, 165.722754, 177.110167, 164.935642
160.984743, 166.656614, 177.723619, 166.001362
196.293581, 201.313696, 211.273294, 200.622899
188.591080, 193.505068, 203.353022, 192.711311
197.408157, 202.654446, 212.561843, 201.900516
176.102052, 182.126458, 192.887744, 181.369769
193.229281, 198.367614, 208.441927, 197.705901
175.727603, 181.778608, 192.987922, 180.926212
138.159363, 143.935571, 155.701578, 143.096392
141.594091, 147.435942, 159.224648, 146.560791
117.573624, 122.649497, 133.676106, 122.238888
143.795814, 149.659032, 161.651635, 148.742095
112.150746, 117.425337, 128.782195, 116.875357
110.928704, 116.267806, 127.839088, 115.662715
115.165847, 120.672517, 132.536414, 119.943858
133.200006, 139.264694, 151.630249, 138.247327
128.733694, 134.430548, 146.357571, 133.599841
133.467150, 139.492452, 151.723595, 138.491773
123.364082, 128.875667, 140.766011, 128.145479
115.212654, 121.026286, 133.172050, 120.126157
86.216414, 90.404732, 101.472274, 90.286655
92.345299, 96.924503, 108.285481, 96.676847
101.541223, 106.881473, 118.903213, 106.210389
80.848569, 84.605112, 95.773697, 84.568155
68.606759, 72.028320, 82.469831, 71.805256
72.194133, 75.996008, 87.112504, 75.958965
78.966824, 83.098325, 94.475427, 83.010114
91.873604, 96.338496, 108.376549, 96.086040
77.194742, 81.054942, 92.569432, 81.019823
68.239206, 72.324821, 83.704170, 72.245450
53.659965, 57.573999, 68.709112, 57.527752
35.669458, 39.482454, 49.336739, 39.015488
21.898321, 24.985520, 32.465616, 24.243815
23.785784, 27.221599, 35.929741, 26.711928
26.986111, 30.710863, 40.170083, 30.171424
21.955507, 25.542961, 34.748424, 25.027622
18.242857, 21.471425, 30.386778, 21.134324
18.792810, 22.572719, 33.132046, 22.357895
11.474142, 14.001643, 20.685173, 13.215628
8.216231, 9.753669, 14.727480, 9.483140
4.259205, 5.008843, 9.127919, 5.000799
2.693924, 3.374272, 7.289318, 3.289441
1.401840, 2.013398, 5.616210, 1.825660
180120-sky03
0.799520, 0.794928, 1.411126, 0.790419
2.142757, 2.136886, 4.334027, 2.081659
4.911686, 5.715809, 10.784428, 5.713030
8.476728, 11.745819, 23.650308, 11.710490
8.597517, 24.727554, 46.984704, 21.905352
22.046696, 43.821358, 71.650510, 40.194592
35.363314, 62.504868, 93.692017, 57.312683
55.773562, 82.667122, 116.182008, 77.915448
66.072890, 97.599703, 135.105300, 91.959777
86.272424, 118.807548, 156.069172, 112.906029
98.238999, 133.336393, 170.869103, 126.569243
102.156638, 141.031720, 181.187314, 133.653005
104.581855, 146.118834, 188.934408, 138.246810
108.631346, 151.583280, 196.239079, 143.358261
114.819619, 158.314296, 203.847554, 150.037801
122.587118, 165.174265, 210.061336, 157.135222
124.191019, 167.387604, 213.954090, 159.243745
125.563125, 169.414234, 217.408935, 161.183533
130.454149, 173.048441, 220.656535, 165.121462
132.090272, 174.964796, 223.476488, 167.032473
134.281818, 176.405278, 225.471948, 168.750159
135.661086, 177.628085, 227.288349, 170.113706
137.209730, 179.003830, 229.020822, 171.600347
138.239953, 179.817993, 230.243511, 172.549300
139.351778, 180.813255, 231.493904, 173.617378
139.571353, 181.205695, 232.405991, 174.058411
141.624027, 182.675846, 233.853995, 175.673653
142.527079, 183.380575, 234.732510, 176.452701
141.416931, 182.791352, 235.135633, 175.859752
142.831411, 183.670029, 235.780598, 176.783159
144.627248, 184.744019, 236.635108, 177.995730
146.246750, 185.712020, 237.353292, 179.093903
148.816780, 187.337193, 238.159726, 180.909565
152.859715, 189.525701, 239.020558, 183.574020
160.754139, 194.190871, 240.461088, 188.996046
151.037990, 188.277541, 239.023891, 182.244364
145.749838, 185.327864, 238.415832, 178.820276
156.734860, 192.237745, 240.980029, 186.663118
145.544149, 184.876179, 238.354149, 178.512379
152.795184, 189.232127, 239.608194, 183.397917
161.715184, 194.903412, 241.684269, 189.766785
153.295209, 189.586070, 240.045884, 184.025560
141.906404, 182.206612, 237.645437, 175.927583
139.461159, 180.520397, 237.137982, 174.265765
141.001914, 181.540098, 237.800160, 175.346065
144.067244, 183.515898, 238.374578, 177.287563
149.023298, 186.366926, 239.407922, 180.527677
150.877485, 187.336423, 239.687450, 181.748195
158.857231, 192.236757, 240.959906, 187.215303
157.504205, 191.228861, 240.675452, 186.232974
154.452769, 189.126920, 239.920968, 183.945146
147.935351, 184.917281, 238.398223, 179.318312
148.873751, 185.430454, 238.660827, 179.866487
142.509579, 181.708128, 237.894812, 175.763949
154.576763, 188.783242, 239.404181, 183.776751
150.516689, 185.809391, 238.325462, 180.670228
161.842523, 193.556536, 240.830720, 188.948952
151.605697, 186.082170, 238.018589, 181.144685
136.304859, 176.746039, 235.759652, 170.828249
148.931766, 184.673399, 237.834505, 179.458163
155.855548, 189.152087, 239.299067, 184.429975
143.600598, 181.169839, 236.758248, 175.757237
137.273019, 177.302950, 235.917479, 171.404573
139.291568, 178.151856, 235.570936, 172.468864
142.318875, 180.085910, 236.185108, 174.604691
148.514055, 183.523749, 236.692747, 178.512882
141.064635, 179.104639, 235.682033, 173.565952
136.020779, 176.262965, 235.467236, 170.378736
140.397697, 178.964487, 236.039583, 173.351933
164.891996, 194.651150, 240.545555, 190.477446
156.465840, 188.803550, 238.479318, 184.384772
155.585840, 188.118799, 238.031600, 183.586455
155.068994, 187.431005, 237.354380, 182.924609
135.967252, 175.372807, 233.698516, 169.656452
126.872923, 169.946322, 232.073655, 163.686176
129.963248, 171.702708, 232.532523, 165.641802
124.264493, 168.207246, 230.940389, 161.877192
134.187866, 173.450370, 232.056520, 167.836510
142.600723, 179.006403, 233.847218, 173.767161
151.816043, 184.761378, 235.496829, 180.263458
145.001624, 180.676141, 234.515421, 175.656159
127.994123, 170.006843, 231.137614, 163.854561
129.651615, 171.256689, 231.868954, 165.235633
145.051818, 180.244322, 233.636881, 175.266994
161.177569, 191.732345, 238.121685, 187.297531
147.140233, 181.601124, 233.656628, 176.685627
157.899844, 189.610346, 237.480178, 185.118417
172.363887, 198.981233, 239.773510, 195.122394
161.952088, 190.699315, 235.076068, 186.632263
164.526878, 192.150994, 234.897520, 188.304878
145.748691, 179.049709, 229.410133, 174.333066
150.677569, 182.936690, 231.384117, 178.488858
153.976780, 185.499068, 232.347737, 180.881846
160.197242, 189.664836, 233.709839, 185.404439
152.784096, 184.219046, 231.055576, 179.618208
145.255214, 180.047479, 230.320769, 174.799463
144.963111, 179.687986, 229.706011, 174.442772
141.474701, 177.518865, 228.593803, 171.893715
146.080557, 180.609244, 229.586031, 175.393163
147.140766, 180.652266, 228.312137, 175.636169
151.267563, 183.354393, 229.078639, 178.518399
143.718985, 179.057565, 227.640079, 173.462915
134.880111, 173.125470, 224.429518, 166.796441
144.618234, 178.797595, 225.440585, 173.391183
150.539202, 181.316968, 224.232697, 176.517261
129.844881, 165.676813, 214.370753, 159.956435
129.119457, 164.327176, 211.951908, 158.769276
116.986807, 155.703003, 206.348324, 149.216072
129.117008, 164.608784, 210.232897, 158.714607
134.189154, 166.660414, 208.898781, 161.256359
119.681615, 155.486763, 200.880957, 149.366600
104.924810, 142.944133, 190.886039, 136.370260
92.339118, 133.161958, 183.207233, 126.149455
97.515282, 133.585835, 178.985022, 127.513920
91.765162, 125.503372, 169.592330, 120.043792
80.052774, 111.291790, 154.750054, 106.444605
72.241636, 100.438626, 140.315100, 96.161399
68.973610, 91.378183, 125.293927, 87.752671
52.623482, 73.816207, 106.313064, 70.494274
44.852438, 62.267019, 90.669695, 60.033010
29.284087, 44.683644, 70.351916, 42.625717
6.128436, 23.650856, 48.238501, 20.741254
4.516412, 11.114844, 26.690666, 10.431375
5.083243, 5.182657, 12.959195, 5.188943
2.420437, 1.580965, 6.239743, 1.594971
0.754069, 0.756340, 2.323442, 0.748313
0.344192, 0.340673, 0.361744, 0.339948
0.262865, 0.256505, 0.258953, 0.256158
0.245532, 0.237889, 0.239963, 0.237552
0.229433, 0.222968, 0.224761, 0.222657
0.211789, 0.207561, 0.208709, 0.207266
0.210940, 0.206442, 0.207627, 0.206111
0.204014, 0.200888, 0.201825, 0.200598
180120-sky03_generated
177.524902, 180.932129, 198.179199, 181.375488
0.459961, 79.283447, 187.384033, 67.538330
12.360596, 99.769531, 206.628418, 85.315674
6.899902, 14.922363, 34.318115, 14.240479
200.105225, 203.040527, 215.439453, 203.065186
150.831543, 155.372803, 176.247314, 155.889648
0.000000, 0.000000, 0.000000, 0.000000
0.000244, 0.036133, 32.230225, 3.200195
21.908203, 106.966797, 211.522461, 92.955078
22.446289, 31.617188, 54.154297, 30.947510
0.000000, 0.001953, 0.115479, 0.009521
0.000000, 0.000000, 0.000000, 0.000000
194.792236, 203.806885, 222.564941, 202.753662
3.406494, 6.016602, 17.144043, 6.168213
120.320801, 126.153809, 148.869141, 126.501221
0.000000, 0.002197, 0.062256, 0.005859
0.000000, 0.000000, 0.000000, 0.000000
0.019531, 42.887451, 147.713135, 41.518311
0.000000, 0.000000, 0.000000, 0.000000
0.000000, 0.000000, 0.000000, 0.000000
211.600830, 214.331055, 223.291992, 214.031494
11.555908, 20.481445, 41.617676, 19.725830
0.000000, 0.000000, 0.000000, 0.000000
0.000000, 0.000000, 0.000488, 0.000000
219.009277, 221.440430, 228.753662, 221.044434
1.306641, 83.802002, 191.425537, 70.904053
222.285645, 224.426514, 231.984131, 224.138916
79.186768, 86.966553, 113.652588, 87.183105
0.000000, 0.000000, 0.000000, 0.000000
216.176025, 218.847900, 225.975342, 218.361816
0.000000, 0.000000, 0.000000, 0.000000
0.000000, 0.000000, 0.000000, 0.000000
0.000000, 0.000000, 0.000000, 0.000000
217.310303, 219.717285, 225.926025, 219.207764
0.000000, 0.000000, 0.000000, 0.000000
23.313965, 102.433350, 200.257324, 89.427246
0.044189, 68.783203, 166.150879, 58.832764
205.174805, 208.200684, 216.367188, 207.727783
0.000000, 0.000000, 0.000000, 0.000000
0.000000, 0.000000, 0.000000, 0.000000
4.885742, 85.615967, 183.690186, 72.164551
194.461426, 197.235596, 208.666992, 197.220947
0.008301, 4.108398, 83.471436, 11.432861
5.201172, 85.961914, 184.358887, 72.524902
33.416260, 110.610352, 206.926758, 98.011963
45.456543, 117.411865, 209.447021, 105.885254
0.000000, 0.000000, 0.000000, 0.000000
0.086670, 0.114014, 1.512451, 0.180176
13.395508, 94.746094, 195.447998, 81.398926
41.395264, 49.598389, 71.062500, 49.099365
36.088623, 44.162842, 65.116943, 43.631348
0.000000, 0.000000, 0.000000, 0.000000
202.103271, 206.821045, 215.923584, 205.947266
116.326172, 150.612549, 200.993408, 145.603516
78.586426, 85.025635, 109.687988, 85.412109
0.000000, 0.000000, 0.000000, 0.000000
194.041748, 197.125732, 208.032471, 196.948730
0.000000, 0.000000, 0.000000, 0.000000
29.567139, 37.722900, 58.885986, 37.191650
0.000000, 0.000000, 0.000000, 0.000000
0.000000, 0.000000, 0.000000, 0.000000
0.152832, 0.167969, 0.722412, 0.188232
0.000000, 0.000000, 0.000000, 0.000000
0.000000, 0.000000, 0.000000, 0.000000
212.055176, 214.568115, 222.141602, 214.181152
219.439453, 221.896729, 228.156494, 221.365723
82.846924, 89.236084, 113.425537, 89.584961
0.016113, 37.137695, 127.677979, 35.857422
0.008057, 0.982178, 72.100586, 8.305420
178.320312, 181.388428, 196.104980, 181.646240
73.229004, 80.081543, 103.806885, 80.244873
0.897461, 77.208008, 174.193848, 64.951660
0.000000, 0.000000, 0.020264, 0.001465
0.001465, 0.071045, 29.034424, 2.877686
98.740723, 104.299316, 128.297363, 104.871582
211.199219, 215.130859, 223.780273, 214.447266
8.355225, 15.304199, 32.750732, 14.713623
158.082764, 176.131592, 204.861084, 173.511475
45.895508, 115.262939, 205.676514, 104.333984
0.000000, 0.000000, 0.000000, 0.000000
85.045654, 136.373535, 207.712158, 128.657715
166.302490, 169.785889, 186.074219, 170.105713
101.017578, 106.441650, 129.258789, 106.925781
92.159668, 139.741211, 206.705078, 132.652588
0.000000, 0.000000, 0.000000, 0.000000
190.795898, 194.177246, 205.115967, 193.914551
157.158203, 161.025635, 178.019043, 161.298584
199.462646, 202.267090, 212.311279, 202.078125
202.170166, 204.807373, 214.647217, 204.638184
25.063721, 104.459961, 201.784180, 91.309082
217.593750, 220.088623, 225.826904, 219.506836
0.000000, 0.000000, 0.000000, 0.000000
26.224365, 105.079102, 201.908203, 92.046387
216.554688, 219.510986, 226.878418, 218.968506
0.000000, 0.000000, 0.000000, 0.000000
179.701172, 182.948242, 197.173584, 183.103027
0.000000, 0.000000, 0.000000, 0.000000
0.076660, 65.722168, 161.816895, 56.558838
0.023682, 51.539307, 146.723145, 46.477051
0.000000, 0.000000, 0.000000, 0.000000
0.000000, 0.000000, 0.000000, 0.000000
0.097168, 64.975586, 160.690918, 55.979004
29.895020, 106.803467, 202.691895, 94.242188
2.807861, 4.622070, 13.319580, 4.700439
27.850342, 36.044189, 55.489258, 35.308594
0.000000, 0.000000, 0.000000, 0.000000
0.000000, 0.000000, 0.000000, 0.000000
187.206787, 190.300293, 202.809570, 190.299561
0.000000, 0.000000, 0.000000, 0.000000
207.527100, 210.347168, 218.504883, 209.937500
76.756836, 83.521484, 106.622559, 83.630615
42.281006, 50.340332, 72.242920, 49.922607
93.560059, 99.742676, 121.784668, 99.914307
0.052734, 65.088379, 161.659912, 56.151367
0.000000, 0.000000, 0.000000, 0.000000
0.000000, 0.000000, 0.000000, 0.000000
0.000000, 0.000000, 0.000000, 0.000000
0.000000, 0.000000, 0.000000, 0.000000
0.000000, 0.000000, 0.000000, 0.000000
38.550781, 112.516357, 206.798096, 100.650879
78.510986, 85.101807, 108.100342, 85.256836
5.576660, 87.786377, 185.563477, 73.854736
136.726807, 165.567871, 209.489014, 161.448730
1.303955, 79.118164, 176.907959, 66.492676
210.564209, 214.885986, 225.203613, 214.271484
0.000000, 0.000000, 0.035156, 0.001709
0.000000, 0.000000, 0.000000, 0.000000
0.007812, 15.828613, 102.733154, 20.508789
0.000000, 0.000000, 0.000000, 0.000000
203.723145, 208.207764, 217.421387, 207.416260
0.000000, 0.000000, 0.000000, 0.000000
0.000000, 0.000000, 0.000000, 0.000000
199.664551, 202.817627, 211.688721, 202.384521
180210-sky05_generated
0.000000, 0.000000, 0.000000, 0.000000
0.000000, 0.000000, 0.000000, 0.000000
0.000000, 0.000000, 0.000000, 0.000000
219.246582, 221.781006, 228.215576, 221.260010
97.140625, 102.747803, 125.985840, 103.218018
0.000000, 0.000000, 0.000000, 0.000000
0.584717, 0.863037, 4.615967, 0.994629
0.000000, 0.000000, 0.000000, 0.000000
200.138184, 203.006592, 212.584717, 202.734619
183.740967, 186.896973, 200.224365, 186.964600
0.000000, 0.000000, 0.000000, 0.000000
0.000000, 0.000000, 0.000000, 0.000000
217.768555, 220.233398, 226.563477, 219.716797
215.955078, 218.458496, 225.026367, 217.960449
60.864014, 126.544678, 212.829102, 116.238037
0.022705, 45.465088, 139.797852, 42.134766
3.437256, 5.613037, 16.241943, 5.766602
177.253906, 189.089600, 210.201416, 187.461670
0.000000, 0.000000, 0.000000, 0.000000
201.516357, 204.382568, 214.076416, 204.127441
0.000000, 0.000000, 0.000000, 0.000000
0.000000, 0.000000, 0.000000, 0.000000
5.844727, 88.943848, 187.303711, 74.813965
44.710938, 52.814697, 75.645264, 52.498047
0.000000, 0.000000, 0.000000, 0.000000
21.538818, 28.977051, 48.074707, 28.437256
162.245605, 166.173584, 181.885498, 166.292236
206.340088, 208.754883, 218.428711, 208.634033
0.000000, 0.000000, 0.000000, 0.000000
0.000000, 0.000000, 0.000000, 0.000000
25.971191, 32.717773, 51.239502, 32.322754
155.792480, 159.346436, 177.803711, 159.894287
176.551025, 179.918457, 194.214600, 180.045166
101.639404, 145.594482, 207.874023, 139.042480
0.000000, 0.000000, 0.000000, 0.000000
202.551025, 207.194824, 216.256592, 206.350586
0.002441, 0.018799, 0.183838, 0.025635
20.762939, 99.250000, 198.363037, 86.576416
38.459717, 113.129150, 207.818604, 101.097412
0.000000, 0.000000, 0.000244, 0.000000
36.594482, 44.831787, 66.884033, 44.380859
218.663330, 221.356689, 228.020752, 220.807129
14.341064, 21.836182, 41.079102, 21.291748
0.000000, 0.000000, 0.000000, 0.000000
124.218262, 128.585938, 151.137207, 129.349365
0.000000, 0.000000, 0.000000, 0.000000
117.263672, 121.826660, 144.545410, 122.551514
0.000000, 0.000000, 0.000000, 0.000000
13.236084, 95.519531, 193.706055, 81.611816
0.000000, 0.000732, 0.034424, 0.001953
105.402100, 110.627197, 133.887939, 111.216553
0.000000, 0.000000, 0.000000, 0.000000
221.245361, 223.528809, 229.623047, 223.031250
218.080566, 220.861572, 228.294678, 220.371582
4.126953, 82.464844, 180.011719, 69.661377
56.125977, 63.833984, 86.779297, 63.647461
26.422363, 104.662598, 202.297607, 91.897949
0.000000, 0.000000, 0.000000, 0.000000
218.213867, 220.890381, 227.676025, 220.361328
8.462891, 91.108887, 189.319092, 77.095947
12.573730, 18.405518, 33.268066, 17.924072
0.061035, 0.078125, 1.479004, 0.123779
200.416260, 206.151855, 218.484131, 205.349854
199.419434, 202.456543, 211.539062, 202.096191
213.989014, 216.356201, 223.874023, 216.003906
105.760010, 111.274170, 134.249512, 111.756592
36.593750, 111.867676, 207.215332, 99.726562
0.000000, 0.000000, 0.000000, 0.000000
0.000000, 0.000000, 0.000000, 0.000000
121.050293, 125.675293, 147.683594, 126.299561
102.084473, 107.791748, 130.525879, 108.183838
0.000000, 0.000000, 0.000000, 0.000000
0.000000, 0.000000, 0.003906, 0.000244
0.000000, 0.000000, 0.008301, 0.000244
3.705811, 6.410889, 18.606445, 6.533203
74.174072, 80.827881, 103.692139, 80.947266
207.252441, 212.287598, 223.209473, 211.520508
0.007812, 2.720947, 80.966309, 10.330078
70.797363, 77.954346, 101.989258, 78.052979
3.612305, 82.819824, 180.948730, 69.818115
59.997314, 121.953613, 205.030273, 112.405762
2.411865, 83.774170, 182.910889, 70.248291
0.000000, 0.000000, 0.000000, 0.000000
0.000000, 0.000000, 0.000000, 0.000000
61.403564, 121.943848, 203.315918, 112.619629
0.000000, 0.000000, 0.000000, 0.000000
180.328125, 183.550537, 197.140137, 183.632812
92.331543, 141.241455, 209.283936, 133.866699
0.000000, 0.000000, 0.000000, 0.000000
0.000000, 0.000000, 0.000000, 0.000000
0.000000, 0.000000, 0.000000, 0.000000
0.000000, 0.001221, 0.042480, 0.001465
0.000000, 0.000000, 0.000000, 0.000000
0.000000, 0.000000, 0.000000, 0.000000
0.000000, 0.000000, 0.000000, 0.000000
0.000000, 0.000000, 0.000732, 0.000000
0.297119, 1.486084, 8.670166, 1.634277
0.000000, 0.000000, 0.000244, 0.000000
215.099365, 217.665527, 224.013428, 217.125977
209.395508, 212.124756, 219.595459, 211.668945
0.000000, 0.000000, 0.000000, 0.000000
41.388428, 49.424805, 71.451416, 49.038086
73.701660, 80.528076, 103.888428, 80.652100
185.894531, 188.835693, 202.483643, 189.013916
74.052979, 132.297363, 210.900635, 123.343018
0.000000, 0.000000, 0.000000, 0.000000
128.442627, 160.309082, 208.577393, 155.787109
0.000000, 0.000000, 0.000000, 0.000000
0.000000, 0.000000, 0.000000, 0.000000
0.000000, 0.000000, 0.000000, 0.000000
0.006592, 4.186035, 86.787598, 11.861084
16.007080, 23.800293, 41.631104, 23.006836
0.000000, 0.000000, 0.000000, 0.000000
212.348633, 215.297607, 221.896729, 214.678467
10.634766, 92.542480, 191.103760, 78.777100
103.856445, 146.601807, 207.897949, 140.309082
0.000000, 0.000000, 0.000000, 0.000000
7.068848, 11.590332, 26.681152, 11.462646
124.277100, 129.045898, 150.110352, 129.520508
56.466064, 64.088623, 87.086426, 63.931641
215.927246, 218.649658, 224.721924, 218.029785
0.000000, 0.000000, 0.000000, 0.000000
79.788330, 86.349365, 110.130615, 86.603027
0.000000, 0.000000, 0.000000, 0.000000
216.800293, 219.488525, 225.355957, 218.859131
0.000000, 0.000000, 0.000000, 0.000000
28.110352, 104.138916, 201.081543, 91.959473
220.544434, 222.841553, 229.516846, 222.410889
20.851807, 100.421387, 199.198975, 87.387207
180114-sky-2_generated
211.600830, 214.331055, 223.291992, 214.031494
11.555908, 20.481445, 41.617676, 19.725830
0.000000, 0.000000, 0.000000, 0.000000
0.000000, 0.000000, 0.000488, 0.000000
219.009277, 221.440430, 228.753662, 221.044434
1.306641, 83.802002, 191.425537, 70.904053
222.285645, 224.426514, 231.984131, 224.138916
79.186768, 86.966553, 113.652588, 87.183105
0.000000, 0.000000, 0.000000, 0.000000
216.176025, 218.847900, 225.975342, 218.361816
0.000000, 0.000000, 0.000000, 0.000000
0.000000, 0.000000, 0.000000, 0.000000
0.000000, 0.000000, 0.000000, 0.000000
217.310303, 219.717285, 225.926025, 219.207764
0.000000, 0.000000, 0.000000, 0.000000
23.313965, 102.433350, 200.257324, 89.427246
0.044189, 68.783203, 166.150879, 58.832764
205.174805, 208.200684, 216.367188, 207.727783
0.000000, 0.000000, 0.000000, 0.000000
0.000000, 0.000000, 0.000000, 0.000000
4.885742, 85.615967, 183.690186, 72.164551
194.461426, 197.235596, 208.666992, 197.220947
0.008301, 4.108398, 83.471436, 11.432861
5.201172, 85.961914, 184.358887, 72.524902
33.416260, 110.610352, 206.926758, 98.011963
45.456543, 117.411865, 209.447021, 105.885254
0.000000, 0.000000, 0.000000, 0.000000
0.086670, 0.114014, 1.512451, 0.180176
13.395508, 94.746094, 195.447998, 81.398926
41.395264, 49.598389, 71.062500, 49.099365
36.088623, 44.162842, 65.116943, 43.631348
0.000000, 0.000000, 0.000000, 0.000000
202.103271, 206.821045, 215.923584, 205.947266
116.326172, 150.612549, 200.993408, 145.603516
78.586426, 85.025635, 109.687988, 85.412109
0.000000, 0.000000, 0.000000, 0.000000
194.041748, 197.125732, 208.032471, 196.948730
0.000000, 0.000000, 0.000000, 0.000000
29.567139, 37.722900, 58.885986, 37.191650
0.000000, 0.000000, 0.000000, 0.000000
0.000000, 0.000000, 0.000000, 0.000000
0.152832, 0.167969, 0.722412, 0.188232
0.000000, 0.000000, 0.000000, 0.000000
0.000000, 0.000000, 0.000000, 0.000000
212.055176, 214.568115, 222.141602, 214.181152
219.439453, 221.896729, 228.156494, 221.365723
82.846924, 89.236084, 113.425537, 89.584961
0.016113, 37.137695, 127.677979, 35.857422
0.008057, 0.982178, 72.100586, 8.305420
178.320312, 181.388428, 196.104980, 181.646240
73.229004, 80.081543, 103.806885, 80.244873
0.897461, 77.208008, 174.193848, 64.951660
0.000000, 0.000000, 0.020264, 0.001465
0.001465, 0.071045, 29.034424, 2.877686
98.740723, 104.299316, 128.297363, 104.871582
211.199219, 215.130859, 223.780273, 214.447266
8.355225, 15.304199, 32.750732, 14.713623
158.082764, 176.131592, 204.861084, 173.511475
45.895508, 115.262939, 205.676514, 104.333984
0.000000, 0.000000, 0.000000, 0.000000
0.000000, 0.000000, 0.000000, 0.000000
188.378174, 191.659912, 203.043213, 191.476318
50.966797, 58.812500, 80.436035, 58.425781
65.956055, 125.576416, 205.913574, 116.411377
0.000000, 0.000000, 0.005127, 0.000000
0.000000, 0.000000, 0.000000, 0.000000
0.000000, 0.000000, 0.000000, 0.000000
90.946045, 137.324951, 202.410400, 130.375488
0.071533, 66.484619, 164.809082, 57.340332
0.000000, 0.000000, 0.000000, 0.000000
0.000000, 0.000000, 0.000000, 0.000000
3.957031, 7.792725, 20.855469, 7.678711
172.592041, 175.627441, 191.638428, 176.043457
71.960449, 131.618896, 211.176514, 122.355957
0.000000, 0.000000, 0.000000, 0.000000
0.000000, 0.000000, 0.000000, 0.000000
70.791748, 127.071533, 203.948975, 118.509766
0.000000, 0.000000, 0.000000, 0.000000
0.000000, 0.000000, 0.000000, 0.000000
0.000000, 0.000000, 0.000000, 0.000000
0.020020, 39.325928, 130.585449, 37.478271
0.000000, 0.000000, 0.000000, 0.000000
0.000000, 0.000000, 0.000000, 0.000000
0.000000, 0.000000, 0.000000, 0.000000
0.000000, 0.000000, 0.000000, 0.000000
3.671631, 6.642822, 18.146240, 6.639160
0.159912, 73.148682, 170.550781, 61.930176
0.000000, 0.000000, 0.000000, 0.000000
0.000000, 0.000000, 0.000000, 0.000000
143.119141, 147.330566, 166.357178, 147.737793
0.000000, 0.000000, 0.000000, 0.000000
5.971436, 10.750488, 25.679932, 10.530762
30.396240, 106.473145, 202.548096, 94.182373
29.534912, 37.785645, 58.225586, 37.144287
0.000000, 0.000000, 0.000000, 0.000000
0.000000, 0.000000, 0.000000, 0.000000
218.468018, 220.971191, 226.921631, 220.406006
50.237061, 119.561035, 209.473145, 108.574463
212.292725, 215.136719, 221.421143, 214.507080
0.000000, 0.000000, 0.000000, 0.000000
198.826416, 201.670410, 212.129639, 201.516357
6.080566, 85.202393, 183.551758, 72.257324
0.029053, 58.663330, 154.507324, 51.548340
0.000000, 0.000000, 0.000000, 0.000000
48.322998, 118.585449, 209.346436, 107.429443
83.349121, 137.830322, 211.285889, 129.408691
211.904297, 215.591797, 224.379150, 214.996826
0.000000, 0.000000, 0.000000, 0.000000
137.473389, 141.968750, 160.550293, 142.238525
203.856934, 208.869629, 218.841797, 208.016357
6.899414, 9.917725, 22.395264, 9.971191
0.000977, 0.031006, 18.317871, 1.682617
10.134766, 16.348389, 32.842041, 15.867920
0.000000, 0.000000, 0.000000, 0.000000
219.560303, 221.808838, 228.175049, 221.362793
49.415283, 119.437012, 210.285889, 108.349121
191.419922, 200.148438, 217.651855, 199.031982
61.066162, 123.353516, 206.550537, 113.717041
65.864746, 125.120361, 204.897217, 116.000000
0.000000, 0.000000, 0.000000, 0.000000
3.712158, 83.976318, 183.577637, 70.830078
83.480225, 89.897461, 113.463623, 90.167236
219.135498, 221.574951, 227.393311, 221.010986
0.000000, 0.000000, 0.000000, 0.000000
102.091553, 107.529297, 130.595703, 108.043457
137.628418, 141.783936, 161.631592, 142.307617
0.015381, 34.185303, 126.318604, 33.976562
216.597168, 218.985107, 225.663574, 218.528076
0.000000, 0.000000, 0.000000, 0.000000
180314-sky10
0.209616, 0.204850, 0.206067, 0.204562
0.209359, 0.205396, 0.206531, 0.205086
0.206367, 0.201312, 0.202705, 0.201022
0.206814, 0.204168, 0.204811, 0.203857
0.198863, 0.195535, 0.196389, 0.195269
0.206970, 0.202061, 0.203397, 0.201805
0.221435, 0.215119, 0.216901, 0.214796
0.218078, 0.211787, 0.213557, 0.211491
0.197716, 0.194103, 0.195176, 0.193833
0.195580, 0.191743, 0.192684, 0.191465
0.212451, 0.207331, 0.208829, 0.206980
0.216153, 0.209329, 0.211216, 0.209021
0.204816, 0.201178, 0.202261, 0.200898
0.227256, 0.218806, 0.221151, 0.218440
0.210281, 0.204505, 0.205989, 0.204189
0.209971, 0.205409, 0.206723, 0.205049
0.215355, 0.210822, 0.212146, 0.210498
0.206372, 0.201918, 0.203143, 0.201595
0.227391, 0.220350, 0.222302, 0.219992
0.216430, 0.209789, 0.211649, 0.209460
0.215234, 0.209655, 0.211320, 0.209316
0.220849, 0.214035, 0.215879, 0.213719
0.207491, 0.203253, 0.204425, 0.202950
0.213440, 0.208557, 0.209856, 0.208220
0.214462, 0.210048, 0.211419, 0.209696
0.209445, 0.204441, 0.205838, 0.204120
0.216806, 0.210989, 0.212636, 0.210650
0.215413, 0.209465, 0.211048, 0.209122
0.199487, 0.195264, 0.196424, 0.194989
0.213749, 0.208204, 0.209729, 0.207898
0.215610, 0.209946, 0.211533, 0.209656
0.209395, 0.204523, 0.205897, 0.204240
0.204159, 0.199451, 0.200803, 0.199123
0.212572, 0.207252, 0.208694, 0.206981
0.191713, 0.188161, 0.189823, 0.187936
0.207322, 0.202547, 0.203878, 0.202295
0.219032, 0.213330, 0.214944, 0.212999
0.217537, 0.211980, 0.213384, 0.211644
0.217214, 0.211586, 0.213050, 0.211245
0.207039, 0.202016, 0.203437, 0.201768
0.213329, 0.206597, 0.208397, 0.206322
0.220993, 0.214243, 0.216102, 0.213962
0.215594, 0.210787, 0.212086, 0.210443
0.214545, 0.210109, 0.211452, 0.209805
0.215810, 0.211141, 0.212546, 0.210818
0.213179, 0.208336, 0.209693, 0.208052
0.218124, 0.211752, 0.213438, 0.211386
0.213365, 0.207425, 0.208953, 0.207105
0.213909, 0.209072, 0.210448, 0.208746
0.227482, 0.220313, 0.222256, 0.220002
0.236819, 0.230173, 0.232183, 0.229840
0.241395, 0.235708, 0.237648, 0.235433
0.318001, 0.314150, 0.327492, 0.313461
0.311318, 0.304051, 0.308208, 0.303586
0.418898, 0.416356, 0.542512, 0.414824
0.755439, 0.922400, 3.539268, 0.742951
1.826977, 3.295692, 9.824951, 2.921802
2.084627, 5.261312, 15.092342, 5.116916
1.837732, 10.890623, 28.259298, 9.579092
1.182858, 21.737423, 48.748748, 18.262452
10.505887, 30.916877, 59.487805, 27.730275
13.845204, 33.055683, 61.351359, 30.137753
31.268913, 46.453511, 73.936777, 44.492687
56.616071, 72.174570, 103.238320, 70.694638
68.629358, 84.954334, 117.481264, 83.169273
85.975958, 100.454003, 130.383471, 99.182250
85.450681, 96.578408, 121.785351, 95.687990
109.714843, 122.723984, 150.252055, 121.200399
142.273249, 152.386322, 174.635150, 151.627253
182.935532, 191.636169, 210.226086, 190.560581
119.548742, 130.382879, 155.165225, 129.447924
165.301034, 175.203294, 196.368389, 174.196432
196.682648, 203.279464, 218.107449, 202.469021
173.658573, 181.616280, 199.751870, 180.727390
171.362907, 179.714825, 199.161649, 178.868517
212.154883, 219.118453, 232.887221, 218.148372
193.559755, 201.650366, 218.703973, 200.676203
241.626471, 243.545917, 247.717030, 242.943591
231.363434, 235.512298, 243.341721, 234.617716
218.025951, 223.937339, 235.245561, 223.092930
205.451180, 211.551586, 224.073215, 210.526467
236.988013, 239.650742, 245.062993, 238.850762
218.715238, 224.587695, 236.066508, 223.711251
243.358680, 245.178543, 248.961670, 244.598342
247.598118, 248.593925, 251.090206, 247.989805
250.422755, 250.889773, 252.366243, 250.693924
243.268219, 245.482466, 249.371628, 244.779458
254.462890, 254.463952, 254.463951, 254.463350
238.501828, 241.967949, 248.000433, 241.134289
252.900743, 253.177803, 253.965571, 253.005233
254.849922, 254.850055, 254.850036, 254.849974
254.955510, 254.955527, 254.955533, 254.955514
252.159882, 252.583135, 253.723141, 252.265276
245.141288, 247.291841, 251.114974, 246.688343
251.713229, 252.322176, 253.586659, 251.971737
247.558283, 248.511072, 250.922103, 247.768965
224.797490, 228.970438, 237.431478, 228.083893
223.539613, 227.602217, 236.693909, 226.645078
234.995766, 237.884259, 243.595503, 236.990438
241.899254, 243.527745, 247.697685, 243.239398
226.383922, 230.336619, 238.941983, 229.371281
227.511165, 231.388262, 239.003302, 230.449936
252.572225, 252.679250, 253.725687, 252.586333
252.303562, 252.553815, 253.750601, 252.311783
251.927859, 252.230206, 253.435618, 251.934186
252.627774, 252.874937, 253.734663, 252.631815
203.743504, 209.501084, 221.015747, 208.652916
237.069429, 239.901393, 245.201878, 239.008804
243.912955, 245.367694, 249.126349, 245.020991
235.321112, 238.450897, 244.610474, 237.452294
230.069397, 233.969795, 242.137695, 233.105461
244.534866, 245.737355, 249.690258, 245.652649
248.640502, 249.641423, 251.712964, 248.679615
248.706493, 249.622373, 251.863356, 248.831157
243.441490, 245.164585, 249.027211, 244.584652
242.879278, 244.233084, 248.283882, 244.079202
240.727627, 243.386318, 247.847145, 242.639648
242.736305, 244.428817, 248.533200, 244.107440
250.807980, 251.448909, 253.405149, 250.809854
251.941155, 252.052636, 253.984335, 251.942455
251.791801, 251.990696, 253.593159, 251.801229
247.369686, 248.406231, 251.389752, 247.891766
253.620026, 253.634775, 253.651610, 253.626993
250.794517, 251.378330, 253.238382, 250.797635
253.415163, 253.440186, 253.772982, 253.421987
251.147643, 251.666566, 253.562663, 251.152918
253.446217, 253.516815, 253.904088, 253.450582
254.056568, 254.060809, 254.060821, 254.058546
250.885668, 251.512824, 253.496291, 250.886881
252.225640, 252.527907, 253.509801, 252.232929
249.066959, 250.035311, 252.088117, 249.097346
252.899247, 253.010257, 253.648614, 252.913475
248.002291, 248.993436, 251.275435, 248.148074
251.449156, 251.924602, 253.437333, 251.456155
238.133251, 241.119416, 246.857548, 240.135974
249.268654, 250.054030, 252.104335, 249.301932
253.891440, 253.895851, 253.897419, 253.893320
252.024774, 252.354274, 253.806852, 252.033975
245.331645, 246.487703, 249.800424, 246.068735
243.269854, 245.045129, 248.883031, 244.746688
247.434478, 248.435353, 250.710043, 247.574199
246.832534, 247.825684, 250.647353, 247.248233
250.459279, 251.041310, 253.038114, 250.460071
251.396398, 251.608634, 253.544900, 251.397795
246.149253, 247.151393, 250.206944, 246.679583
248.743246, 249.741753, 251.774251, 248.763903
245.720117, 246.803634, 250.124205, 246.445709
243.942065, 245.407874, 249.441862, 245.215020
245.032494, 246.243980, 250.171142, 246.090338
234.739770, 238.419663, 245.637808, 237.439497
246.999913, 248.017782, 250.403433, 247.204997
243.339275, 244.857297, 248.587997, 244.385728
245.477992, 246.552820, 249.540836, 245.994150
245.716329, 246.764410, 250.032048, 246.370530
244.579179, 245.619246, 249.595292, 245.600307
240.515626, 242.675137, 247.401159, 242.177081
237.526824, 240.038058, 245.432592, 239.367453
235.584196, 238.532089, 244.390903, 237.749921
246.958566, 247.992495, 250.719210, 247.344283
235.727432, 238.400518, 243.965967, 237.562270
244.696028, 245.972111, 249.501075, 245.624280
238.027049, 240.887161, 246.002278, 239.970255
230.400516, 233.927102, 241.194254, 233.012438
246.734693, 247.740550, 250.300729, 247.019712
247.872854, 248.875241, 251.207974, 248.044725
243.498713, 245.148728, 248.902955, 244.684393
244.756431, 245.864067, 249.322444, 245.525681
247.136521, 248.149360, 250.659719, 247.403748
242.466435, 244.404619, 248.507844, 243.802523
244.892356, 246.277586, 249.685436, 245.632900
229.776557, 233.373392, 240.900611, 232.394960
226.688009, 230.535543, 238.828069, 229.689830
221.542136, 226.187537, 235.965397, 225.536939
235.450334, 237.775935, 242.910688, 237.059592
232.979786, 235.462765, 241.127655, 234.873441
202.640466, 208.360709, 220.264759, 207.520180
228.802631, 232.183107, 239.719346, 231.497135
230.940044, 234.472693, 241.876029, 233.664266
232.922132, 236.476625, 243.814823, 235.532656
200.217171, 205.933327, 217.973704, 205.160096
210.103463, 215.568783, 227.077485, 214.897015
200.605508, 206.934826, 220.162760, 205.949483
175.833533, 182.897989, 199.620355, 181.945080
210.855855, 217.983553, 232.745756, 217.032419
131.108593, 139.023338, 158.971138, 138.537920
124.584482, 135.690360, 159.454520, 134.627287
125.068622, 136.214281, 159.998719, 135.152079
136.919857, 147.592546, 171.031640, 146.625103
117.885898, 130.257857, 157.612794, 128.880030
85.776871, 95.543577, 118.892188, 94.829344
90.370294, 101.201727, 126.996382, 100.325829
92.693039, 103.580871, 129.815273, 102.739139
71.129688, 80.557887, 104.069649, 79.956971
77.184375, 87.326321, 114.035296, 86.804878
48.983363, 56.307336, 77.502262, 56.237289
48.541897, 55.776096, 78.795115, 55.780980
50.868995, 51.971047, 70.811344, 53.282423
40.781810, 42.888197, 63.222177, 44.023238
32.029001, 42.773064, 69.114636, 42.032209
17.596928, 18.362542, 34.381295, 19.550296
6.213373, 11.576099, 24.984212, 11.053384
3.016837, 4.040937, 8.892740, 3.995997
1.063456, 1.139484, 3.144758, 1.055614
0.458610, 0.454112, 0.500809, 0.452741
0.285882, 0.278939, 0.281950, 0.278494
0.241944, 0.235196, 0.237145, 0.234832
0.231909, 0.224652, 0.226804, 0.224346
0.206215, 0.201277, 0.202572, 0.200975
0.201740, 0.198308, 0.199322, 0.198112
0.204988, 0.201609, 0.202621, 0.201332
0.209464, 0.205388, 0.206497, 0.205130
0.190051, 0.187143, 0.187850, 0.186896
0.205174, 0.202050, 0.202888, 0.201821
0.216698, 0.211618, 0.212995, 0.211337
0.202502, 0.198795, 0.199823, 0.198561
0.201693, 0.197859, 0.198757, 0.197638
0.209618, 0.204889, 0.206112, 0.204600
0.220640, 0.214745, 0.216281, 0.214454
0.200757, 0.197038, 0.198079, 0.196819
0.209252, 0.205480, 0.206442, 0.205213
0.211258, 0.205998, 0.207298, 0.205703
0.201211, 0.197971, 0.198886, 0.197766
0.199196, 0.195160, 0.196751, 0.194954
0.208692, 0.203392, 0.204835, 0.203114
0.194454, 0.191750, 0.192491, 0.191458
0.210589, 0.206118, 0.207280, 0.205859
0.197652, 0.194452, 0.195340, 0.194201
0.211792, 0.205999, 0.207425, 0.205665
0.201500, 0.197893, 0.198764, 0.197621
0.220182, 0.213358, 0.215153, 0.213047
0.211910, 0.209561, 0.210143, 0.209269
0.196977, 0.193452, 0.194275, 0.193171
0.207910, 0.203505, 0.204632, 0.203239
0.201056, 0.198068, 0.198920, 0.197804
0.222527, 0.216069, 0.217798, 0.215812
0.212446, 0.206642, 0.208137, 0.206310
0.255823, 0.245450, 0.248395, 0.245080
0.259482, 0.245791, 0.249428, 0.245446
180314-sky10
180314-sky10
0.209616, 0.204850, 0.206067, 0.206844
0.209359, 0.205396, 0.206531, 0.207095
0.206367, 0.201312, 0.202705, 0.203461
0.206814, 0.204168, 0.204811, 0.205264
0.198863, 0.195535, 0.196389, 0.196929
0.206970, 0.202061, 0.203397, 0.204143
0.221435, 0.215119, 0.216901, 0.217818
0.218078, 0.211787, 0.213557, 0.214474
0.197716, 0.194103, 0.195176, 0.195665
0.195580, 0.191743, 0.192684, 0.193336
0.212451, 0.207331, 0.208829, 0.209537
0.216153, 0.209329, 0.211216, 0.212233
0.204816, 0.201178, 0.202261, 0.202752
0.227256, 0.218806, 0.221151, 0.222404
0.210281, 0.204505, 0.205989, 0.206925
0.209971, 0.205409, 0.206723, 0.207368
0.215355, 0.210822, 0.212146, 0.212774
0.206372, 0.201918, 0.203143, 0.203811
0.227391, 0.220350, 0.222302, 0.223348
0.216430, 0.209789, 0.211649, 0.212623
0.215234, 0.209655, 0.211320, 0.212070
0.220849, 0.214035, 0.215879, 0.216921
0.207491, 0.203253, 0.204425, 0.205057
0.213440, 0.208557, 0.209856, 0.210618
0.214462, 0.210048, 0.211419, 0.211977
0.209445, 0.204441, 0.205838, 0.206575
0.216806, 0.210989, 0.212636, 0.213477
0.215413, 0.209465, 0.211048, 0.211976
0.199487, 0.195264, 0.196424, 0.197058
0.213749, 0.208204, 0.209729, 0.210561
0.215610, 0.209946, 0.211533, 0.212363
0.209395, 0.204523, 0.205897, 0.206605
0.204159, 0.199451, 0.200803, 0.201471
0.212572, 0.207252, 0.208694, 0.209506
0.191713, 0.188161, 0.189823, 0.189899
0.207322, 0.202547, 0.203878, 0.204582
0.219032, 0.213330, 0.214944, 0.215768
0.217537, 0.211980, 0.213384, 0.214300
0.217214, 0.211586, 0.213050, 0.213950
0.207039, 0.202016, 0.203437, 0.204164
0.213329, 0.206597, 0.208397, 0.209441
0.220993, 0.214243, 0.216102, 0.217113
0.215594, 0.210787, 0.212086, 0.212822
0.214545, 0.210109, 0.211452, 0.212035
0.215810, 0.211141, 0.212546, 0.213166
0.213179, 0.208336, 0.209693, 0.210403
0.218124, 0.211752, 0.213438, 0.214438
0.213365, 0.207425, 0.208953, 0.209914
0.213909, 0.209072, 0.210448, 0.211143
0.227482, 0.220313, 0.222256, 0.223350
0.236819, 0.230173, 0.232183, 0.233058
0.241395, 0.235708, 0.237648, 0.238251
0.318001, 0.314150, 0.327492, 0.319881
0.311318, 0.304051, 0.308208, 0.307859
0.418898, 0.416356, 0.542512, 0.459255
0.755439, 0.922400, 3.539268, 1.739036
1.826977, 3.295692, 9.824951, 4.982540
2.084627, 5.261312, 15.092342, 7.479427
1.837732, 10.890623, 28.259298, 13.662551
1.182858, 21.737423, 48.748748, 23.889676
10.505887, 30.916877, 59.487805, 33.636856
13.845204, 33.055683, 61.351359, 36.084082
31.268913, 46.453511, 73.936777, 50.553067
56.616071, 72.174570, 103.238320, 77.342987
68.629358, 84.954334, 117.481264, 90.354986
85.975958, 100.454003, 130.383471, 105.604477
85.450681, 96.578408, 121.785351, 101.271480
109.714843, 122.723984, 150.252055, 127.563627
142.273249, 152.386322, 174.635150, 156.431574
182.935532, 191.636169, 210.226086, 194.932596
119.548742, 130.382879, 155.165225, 135.032282
165.301034, 175.203294, 196.368389, 178.957572
196.682648, 203.279464, 218.107449, 206.023187
173.658573, 181.616280, 199.751870, 185.008908
171.362907, 179.714825, 199.161649, 183.413127
212.154883, 219.118453, 232.887221, 221.386852
193.559755, 201.650366, 218.703973, 204.638031
241.626471, 243.545917, 247.717030, 244.296473
231.363434, 235.512298, 243.341721, 236.739151
218.025951, 223.937339, 235.245561, 225.736283
205.451180, 211.551586, 224.073215, 213.691994
236.988013, 239.650742, 245.062993, 240.567249
218.715238, 224.587695, 236.066508, 226.456481
243.358680, 245.178543, 248.961670, 245.832964
247.598118, 248.593925, 251.090206, 249.094083
250.422755, 250.889773, 252.366243, 251.226257
243.268219, 245.482466, 249.371628, 246.040771
254.462890, 254.463952, 254.463951, 254.463598
238.501828, 241.967949, 248.000433, 242.823403
252.900743, 253.177803, 253.965571, 253.348039
254.849922, 254.850055, 254.850036, 254.850004
254.955510, 254.955527, 254.955533, 254.955523
252.159882, 252.583135, 253.723141, 252.822053
245.141288, 247.291841, 251.114974, 247.849368
251.713229, 252.322176, 253.586659, 252.540688
247.558283, 248.511072, 250.922103, 248.997153
224.797490, 228.970438, 237.431478, 230.399802
223.539613, 227.602217, 236.693909, 229.278580
234.995766, 237.884259, 243.595503, 238.825176
241.899254, 243.527745, 247.697685, 244.374895
226.383922, 230.336619, 238.941983, 231.887508
227.511165, 231.388262, 239.003302, 232.634243
252.572225, 252.679250, 253.725687, 252.992387
252.303562, 252.553815, 253.750601, 252.869326
251.927859, 252.230206, 253.435618, 252.531228
252.627774, 252.874937, 253.734663, 253.079125
203.743504, 209.501084, 221.015747, 211.420112
237.069429, 239.901393, 245.201878, 240.724234
243.912955, 245.367694, 249.126349, 246.135666
235.321112, 238.450897, 244.610474, 239.460828
230.069397, 233.969795, 242.137695, 235.392296
244.534866, 245.737355, 249.690258, 246.654160
248.640502, 249.641423, 251.712964, 249.998297
248.706493, 249.622373, 251.863356, 250.064074
243.441490, 245.164585, 249.027211, 245.877762
242.879278, 244.233084, 248.283882, 245.132081
240.727627, 243.386318, 247.847145, 243.987030
242.736305, 244.428817, 248.533200, 245.232774
250.807980, 251.448909, 253.405149, 251.887346
251.941155, 252.052636, 253.984335, 252.659375
251.791801, 251.990696, 253.593159, 252.458552
247.369686, 248.406231, 251.389752, 249.055223
253.620026, 253.634775, 253.651610, 253.635470
250.794517, 251.378330, 253.238382, 251.803743
253.415163, 253.440186, 253.772982, 253.542777
251.147643, 251.666566, 253.562663, 252.125624
253.446217, 253.516815, 253.904088, 253.622373
254.056568, 254.060809, 254.060821, 254.059399
250.885668, 251.512824, 253.496291, 251.964928
252.225640, 252.527907, 253.509801, 252.754449
249.066959, 250.035311, 252.088117, 250.396796
252.899247, 253.010257, 253.648614, 253.186039
248.002291, 248.993436, 251.275435, 249.423720
251.449156, 251.924602, 253.437333, 252.270364
238.133251, 241.119416, 246.857548, 242.036739
249.268654, 250.054030, 252.104335, 250.475673
253.891440, 253.895851, 253.897419, 253.894904
252.024774, 252.354274, 253.806852, 252.728633
245.331645, 246.487703, 249.800424, 247.206591
243.269854, 245.045129, 248.883031, 245.732672
247.434478, 248.435353, 250.710043, 248.859958
246.832534, 247.825684, 250.647353, 248.435190
250.459279, 251.041310, 253.038114, 251.512901
251.396398, 251.608634, 253.544900, 252.183311
246.149253, 247.151393, 250.206944, 247.835863
248.743246, 249.741753, 251.774251, 250.086417
245.720117, 246.803634, 250.124205, 247.549319
243.942065, 245.407874, 249.441862, 246.263934
245.032494, 246.243980, 250.171142, 247.149205
234.739770, 238.419663, 245.637808, 239.599080
246.999913, 248.017782, 250.403433, 248.473709
243.339275, 244.857297, 248.587997, 245.594856
245.477992, 246.552820, 249.540836, 247.190550
245.716329, 246.764410, 250.032048, 247.504262
244.579179, 245.619246, 249.595292, 246.597906
240.515626, 242.675137, 247.401159, 243.530641
237.526824, 240.038058, 245.432592, 240.999158
235.584196, 238.532089, 244.390903, 239.502396
246.958566, 247.992495, 250.719210, 248.556757
235.727432, 238.400518, 243.965967, 239.364639
244.696028, 245.972111, 249.501075, 246.723071
238.027049, 240.887161, 246.002278, 241.638829
230.400516, 233.927102, 241.194254, 235.173957
246.734693, 247.740550, 250.300729, 248.258657
247.872854, 248.875241, 251.207974, 249.318690
243.498713, 245.148728, 248.902955, 245.850132
244.756431, 245.864067, 249.322444, 246.647647
247.136521, 248.149360, 250.659719, 248.648533
242.466435, 244.404619, 248.507844, 245.126299
244.892356, 246.277586, 249.685436, 246.951793
229.776557, 233.373392, 240.900611, 234.683520
226.688009, 230.535543, 238.828069, 232.017207
221.542136, 226.187537, 235.965397, 227.898357
235.450334, 237.775935, 242.910688, 238.712319
232.979786, 235.462765, 241.127655, 236.523402
202.640466, 208.360709, 220.264759, 210.421978
228.802631, 232.183107, 239.719346, 233.568361
230.940044, 234.472693, 241.876029, 235.762922
232.922132, 236.476625, 243.814823, 237.737860
200.217171, 205.933327, 217.973704, 208.041400
210.103463, 215.568783, 227.077485, 217.583244
200.605508, 206.934826, 220.162760, 209.234365
175.833533, 182.897989, 199.620355, 186.117292
210.855855, 217.983553, 232.745756, 220.528388
131.108593, 139.023338, 158.971138, 143.034356
124.584482, 135.690360, 159.454520, 139.909787
125.068622, 136.214281, 159.998719, 140.427207
136.919857, 147.592546, 171.031640, 151.848015
117.885898, 130.257857, 157.612794, 135.252183
85.776871, 95.543577, 118.892188, 100.070879
90.370294, 101.201727, 126.996382, 106.189468
92.693039, 103.580871, 129.815273, 108.696395
71.129688, 80.557887, 104.069649, 85.252408
77.184375, 87.326321, 114.035296, 92.848664
48.983363, 56.307336, 77.502262, 60.930987
48.541897, 55.776096, 78.795115, 61.037703
50.868995, 51.971047, 70.811344, 57.883795
40.781810, 42.888197, 63.222177, 48.964061
32.029001, 42.773064, 69.114636, 47.972234
17.596928, 18.362542, 34.381295, 23.446922
6.213373, 11.576099, 24.984212, 14.257895
3.016837, 4.040937, 8.892740, 5.316838
1.063456, 1.139484, 3.144758, 1.782566
0.458610, 0.454112, 0.500809, 0.471177
0.285882, 0.278939, 0.281950, 0.282257
0.241944, 0.235196, 0.237145, 0.238095
0.231909, 0.224652, 0.226804, 0.227788
0.206215, 0.201277, 0.202572, 0.203355
0.201740, 0.198308, 0.199322, 0.199790
0.204988, 0.201609, 0.202621, 0.203072
0.209464, 0.205388, 0.206497, 0.207117
0.190051, 0.187143, 0.187850, 0.188348
0.205174, 0.202050, 0.202888, 0.203370
0.216698, 0.211618, 0.212995, 0.213770
0.202502, 0.198795, 0.199823, 0.200373
0.201693, 0.197859, 0.198757, 0.199436
0.209618, 0.204889, 0.206112, 0.206873
0.220640, 0.214745, 0.216281, 0.217222
0.200757, 0.197038, 0.198079, 0.198625
0.209252, 0.205480, 0.206442, 0.207058
0.211258, 0.205998, 0.207298, 0.208185
0.201211, 0.197971, 0.198886, 0.199356
0.199196, 0.195160, 0.196751, 0.197036
0.208692, 0.203392, 0.204835, 0.205639
0.194454, 0.191750, 0.192491, 0.192898
0.210589, 0.206118, 0.207280, 0.207995
0.197652, 0.194452, 0.195340, 0.195815
0.211792, 0.205999, 0.207425, 0.208405
0.201500, 0.197893, 0.198764, 0.199386
0.220182, 0.213358, 0.215153, 0.216231
0.211910, 0.209561, 0.210143, 0.210538
0.196977, 0.193452, 0.194275, 0.194901
0.207910, 0.203505, 0.204632, 0.205349
0.201056, 0.198068, 0.198920, 0.199348
0.222527, 0.216069, 0.217798, 0.218798
0.212446, 0.206642, 0.208137, 0.209075
0.255823, 0.245450, 0.248395, 0.249889
0.259482, 0.245791, 0.249428, 0.251567
180514-sky20
5.954727, 10.493507, 21.284905, 12.577713
5.559966, 18.869558, 36.320611, 20.250045
17.791399, 34.795540, 57.515956, 36.700965
34.095222, 51.955380, 76.449311, 54.166638
51.229577, 69.257276, 94.506070, 71.664307
70.450843, 87.218859, 112.713093, 90.127599
84.288769, 102.906508, 129.311118, 105.502132
94.947830, 115.633865, 144.323005, 118.301567
104.077139, 126.824550, 156.658031, 129.186573
116.527531, 139.597428, 168.472130, 141.532363
126.564291, 149.272254, 177.756567, 151.197704
133.316450, 156.475364, 185.607931, 158.466581
138.896922, 163.021959, 192.910350, 164.943077
150.589868, 173.617000, 201.547708, 175.251525
160.971540, 183.439940, 209.729265, 184.713581
180.030136, 197.675080, 218.575213, 198.760143
191.746061, 207.658994, 225.164407, 208.189821
190.563969, 208.258151, 228.181016, 209.001045
192.881538, 211.456625, 232.103730, 212.147298
193.908962, 213.573674, 235.284457, 214.255697
208.491829, 224.654530, 241.880365, 225.008908
223.696342, 232.796044, 243.191485, 233.227957
207.580391, 224.296279, 242.258339, 224.711670
217.890794, 230.604712, 244.219945, 230.905150
220.402803, 232.621466, 246.149068, 233.057779
227.455908, 237.267758, 247.799561, 237.507742
229.329584, 238.347413, 248.045629, 238.574209
239.499740, 244.176830, 249.617389, 244.431319
242.696153, 246.570397, 250.805259, 246.690603
245.289003, 247.958594, 251.432100, 248.226565
242.617552, 246.758473, 251.157520, 246.844515
252.433196, 252.535973, 253.260633, 252.743267
248.443663, 250.139900, 252.843813, 250.475792
252.398850, 252.801532, 253.602609, 252.934330
253.821815, 253.918573, 254.216395, 253.985594
253.173264, 253.281652, 253.818304, 253.424407
253.148536, 253.353456, 254.025914, 253.509302
253.239242, 253.445958, 254.127616, 253.604272
252.912209, 253.303862, 254.268731, 253.494934
254.735537, 254.735755, 254.735886, 254.735726
254.758651, 254.758973, 254.758950, 254.758858
253.688158, 253.832887, 254.232575, 253.917873
253.948085, 254.009403, 254.245718, 254.067736
254.903174, 254.903174, 254.903174, 254.903174
254.708513, 254.708540, 254.708529, 254.708527
254.999748, 254.999748, 254.999748, 254.999748
254.925249, 254.925257, 254.925330, 254.925279
254.926223, 254.926223, 254.926223, 254.926223
254.966859, 254.966859, 254.966859, 254.966859
254.951162, 254.951162, 254.951162, 254.951162
254.841466, 254.841476, 254.841475, 254.841472
254.544848, 254.545060, 254.545739, 254.545216
254.563518, 254.563587, 254.563564, 254.563556
254.861919, 254.861919, 254.861919, 254.861919
254.999964, 254.999964, 254.999964, 254.999964
254.413509, 254.414103, 254.414131, 254.413914
254.553768, 254.553850, 254.553823, 254.553814
254.683340, 254.683406, 254.683385, 254.683377
254.815822, 254.815822, 254.815826, 254.815824
254.997689, 254.997689, 254.997689, 254.997689
254.999861, 254.999861, 254.999861, 254.999861
255.000000, 255.000000, 255.000000, 255.000000
255.000000, 255.000000, 255.000000, 255.000000
255.000000, 255.000000, 255.000000, 255.000000
254.999867, 254.999867, 254.999867, 254.999867
255.000000, 255.000000, 255.000000, 255.000000
255.000000, 255.000000, 255.000000, 255.000000
255.000000, 255.000000, 255.000000, 255.000000
255.000000, 255.000000, 255.000000, 255.000000
255.000000, 255.000000, 255.000000, 255.000000
255.000000, 255.000000, 255.000000, 255.000000
254.999955, 254.999955, 254.999955, 254.999955
255.000000, 255.000000, 255.000000, 255.000000
255.000000, 255.000000, 255.000000, 255.000000
254.999998, 254.999998, 254.999998, 254.999998
254.995159, 254.995159, 254.995159, 254.995159
254.999802, 254.999802, 254.999802, 254.999802
254.991089, 254.991089, 254.991089, 254.991089
252.136120, 252.312278, 253.173062, 252.540487
251.740493, 252.011234, 253.056743, 252.269490
206.314469, 215.329362, 223.484330, 215.042720
228.581207, 233.660088, 239.153315, 233.798203
238.413611, 241.379933, 245.406796, 241.733447
187.721173, 196.023619, 203.535707, 195.760166
95.444778, 104.972773, 112.723713, 104.380421
155.108881, 168.769031, 178.414563, 167.430825
159.943587, 171.814649, 183.763420, 171.840552
219.904490, 227.068204, 235.169855, 227.380850
243.615842, 245.809257, 249.469183, 246.298094
252.293651, 252.515497, 254.044267, 252.951138
254.329679, 254.330757, 254.332182, 254.330873
254.999973, 254.999973, 254.999973, 254.999973
254.807464, 254.807688, 254.807854, 254.807669
252.646103, 253.167300, 254.245797, 253.353067
252.492182, 252.807839, 253.656430, 252.985484
253.222969, 253.231557, 253.276474, 253.243667
245.328290, 246.040193, 248.305133, 246.557872
218.541584, 223.844301, 230.475079, 224.286988
167.163170, 179.593705, 193.046006, 179.934294
163.021608, 174.615967, 187.134703, 174.924093
171.559027, 182.502569, 194.634690, 182.898762
165.080806, 174.460895, 184.683454, 174.741718
83.465283, 92.382438, 102.825005, 92.890909
117.334381, 127.160163, 137.916437, 127.470327
108.319797, 118.986900, 130.255633, 119.187444
45.385833, 54.416849, 63.390954, 54.397879
185.938029, 194.687704, 204.123253, 194.916329
187.707230, 196.249059, 206.228512, 196.728267
135.879534, 147.099796, 159.665669, 147.548333
155.162449, 165.491763, 176.540644, 165.731619
120.280990, 130.554195, 142.310799, 131.048661
143.583181, 153.925786, 165.659682, 154.389550
90.331594, 99.960561, 110.756495, 100.349550
154.399307, 163.444115, 174.117904, 163.987109
119.592477, 129.456592, 141.085057, 130.044709
115.481373, 124.209091, 134.889826, 124.860097
152.043874, 160.318107, 171.018248, 161.126743
102.772066, 111.171019, 122.023350, 111.988812
100.280559, 108.418283, 118.998422, 109.232421
109.722158, 118.198861, 129.008161, 118.976393
104.746261, 112.903084, 123.185253, 113.611532
100.251670, 108.450285, 118.794774, 109.165576
101.857420, 109.871351, 119.910650, 110.546474
108.981447, 116.531441, 126.773806, 117.428898
118.173494, 125.676445, 135.851454, 126.567131
118.055998, 125.533689, 135.863974, 126.484554
116.479606, 123.914388, 134.244458, 124.879484
118.591080, 126.065549, 136.645015, 127.100548
128.708538, 135.774883, 145.999990, 136.827804
133.025458, 140.220667, 150.543419, 141.263181
154.282477, 160.968975, 170.905314, 162.052255
154.378509, 161.039035, 170.931013, 162.116186
146.034844, 153.139498, 163.623161, 154.265834
154.579265, 161.176025, 171.151844, 162.302378
150.634379, 157.538738, 167.555147, 158.576088
154.125862, 160.748542, 170.687281, 161.853895
154.558534, 161.061762, 170.979167, 162.199821
158.086746, 164.154367, 173.714265, 165.318459
155.744690, 161.787758, 171.253804, 162.928751
153.730593, 159.322301, 168.363128, 160.472008
144.959309, 150.818250, 159.732425, 151.836661
152.670260, 158.537847, 168.156748, 159.788285
153.848706, 159.903458, 169.875970, 161.209378
158.585124, 164.359039, 174.164789, 165.702984
162.008458, 168.008396, 178.183854, 169.400236
168.465321, 174.152812, 183.772283, 175.463472
170.455174, 175.934842, 185.297790, 177.229268
166.869861, 173.086004, 183.181675, 174.379180
171.589721, 177.245453, 186.966821, 178.600665
162.294614, 168.712296, 179.093881, 170.033597
165.640249, 172.056586, 182.426723, 173.374519
172.036749, 178.201013, 188.448495, 179.562086
172.000549, 178.416730, 188.695941, 179.704407
177.593683, 183.779805, 194.040055, 185.137848
184.838859, 190.877481, 200.929123, 192.215154
189.689274, 195.904285, 205.953539, 197.182366
190.015170, 196.709698, 207.010054, 197.911641
188.823876, 195.657395, 207.213112, 197.231461
182.489793, 190.681640, 204.542409, 192.571281
173.279516, 184.426365, 201.846846, 186.517576
170.442078, 183.465468, 202.710571, 185.539372
165.735379, 180.796895, 202.460682, 182.997652
157.952884, 174.560559, 198.569434, 177.027626
134.690906, 154.765315, 183.437794, 157.631339
125.552826, 143.160730, 170.730520, 146.481359
123.790476, 138.255747, 161.562625, 141.202950
122.290633, 136.159428, 158.235561, 138.895207
113.512002, 125.950818, 146.661613, 128.708144
88.858702, 102.114534, 124.089540, 105.020925
63.330763, 77.960128, 102.087281, 81.126057
46.997426, 61.790234, 85.738126, 64.841929
38.082452, 50.348940, 71.961469, 53.464287
20.774637, 36.124420, 60.093780, 38.997613
11.253472, 24.022854, 44.147490, 26.474606
6.616450, 12.419244, 25.916686, 14.984127
3.114944, 6.262886, 15.153578, 8.177136
1.405297, 2.706769, 7.743478, 3.951848
0.569565, 0.888323, 3.378695, 1.612194
0.441160, 0.444011, 0.967217, 0.617463
0.307930, 0.304534, 0.313112, 0.308525
0.262708, 0.257474, 0.259367, 0.259850
0.228644, 0.224389, 0.225804, 0.226279
0.219242, 0.214743, 0.215971, 0.216652
0.208076, 0.205322, 0.206323, 0.206574
180723-sky30
0.263728, 0.252671, 0.255568, 0.257322
0.222236, 0.218392, 0.219399, 0.220009
0.261543, 0.256258, 0.258165, 0.258655
0.276373, 0.273260, 0.276019, 0.275217
0.366070, 0.364256, 0.401229, 0.377185
0.453004, 0.457502, 1.024834, 0.645113
0.948477, 1.436133, 4.025339, 2.136650
2.732191, 5.356251, 11.813583, 6.634008
2.698067, 9.092479, 20.674118, 10.821555
0.907561, 20.135648, 41.126807, 20.723339
9.284252, 33.812595, 59.100212, 34.065686
17.665553, 30.073385, 49.071379, 32.270106
68.840625, 73.954786, 88.622132, 77.139181
74.891120, 79.208284, 92.048270, 82.049225
106.323411, 109.323156, 119.236912, 111.627826
112.431878, 115.939654, 125.694546, 118.022026
73.211984, 80.168518, 94.598273, 82.659592
71.037910, 78.424786, 93.529006, 80.997234
154.821331, 158.485185, 166.650825, 159.985780
156.101704, 160.402445, 169.011428, 161.838526
174.218383, 176.789657, 182.655074, 177.887704
150.300744, 155.516388, 165.996398, 157.271177
161.634972, 165.731861, 175.584744, 167.650526
141.848571, 148.915910, 161.955823, 150.906768
142.118673, 148.556834, 160.335047, 150.336851
180.523465, 184.170608, 191.545510, 185.413194
192.136342, 195.853492, 202.587475, 196.859103
154.215493, 161.838271, 173.953628, 163.335797
115.320257, 123.629678, 137.060878, 125.336938
141.326518, 149.645231, 163.196350, 151.389367
233.990286, 235.071423, 236.938610, 235.333439
213.298690, 216.908785, 222.151855, 217.453110
202.630313, 207.743037, 215.536597, 208.636649
246.004870, 246.315994, 247.223111, 246.514659
248.692618, 248.722588, 248.884120, 248.766442
254.773374, 254.773322, 254.773280, 254.773326
229.317927, 233.319780, 238.642453, 233.760053
254.955608, 254.955608, 254.955606, 254.955607
255.000000, 255.000000, 255.000000, 255.000000
253.125750, 253.137550, 253.234262, 253.165854
254.937024, 254.937024, 254.937024, 254.937024
200.681017, 208.670386, 219.347178, 209.566194
167.099993, 177.668076, 192.283775, 179.017281
208.845357, 214.163952, 222.467599, 215.158969
151.500470, 161.536671, 175.919464, 162.985535
222.273429, 226.634475, 232.752302, 227.220068
168.881465, 178.907078, 191.620887, 179.803143
225.675299, 229.838666, 235.378422, 230.297462
205.680590, 212.560369, 221.496236, 213.245732
182.490163, 191.150055, 201.994368, 191.878195
215.556515, 220.507970, 227.232410, 221.098965
183.885559, 192.696579, 204.013643, 193.531927
194.657526, 202.538703, 212.414633, 203.203620
234.533785, 236.814930, 240.490763, 237.279826
245.500756, 246.303806, 248.636916, 246.813826
247.024731, 247.750039, 249.769261, 248.181344
215.211170, 222.632070, 232.060036, 223.301092
253.524296, 253.588124, 253.832029, 253.648150
254.233310, 254.233754, 254.233842, 254.233635
254.292548, 254.292625, 254.292601, 254.292591
253.848930, 253.853771, 253.854865, 253.852522
254.460231, 254.461181, 254.461522, 254.460978
250.051464, 250.577169, 251.991564, 250.873399
246.032362, 247.035883, 249.506695, 247.524980
243.688183, 245.120488, 247.867373, 245.558681
253.052710, 253.126435, 253.352531, 253.177225
252.718410, 252.731020, 252.748893, 252.732774
251.679265, 251.742962, 253.276498, 252.232908
249.152898, 249.772805, 251.272753, 250.066152
251.366128, 251.574008, 252.237539, 251.725892
252.247989, 252.360080, 253.085599, 252.564556
252.175303, 252.294401, 252.819454, 252.429719
252.963521, 253.038204, 253.372045, 253.124590
254.508422, 254.511188, 254.547285, 254.522298
254.981034, 254.981034, 254.981034, 254.981034
251.267203, 251.720346, 252.731562, 251.906371
248.597849, 249.485211, 251.420785, 249.834615
221.606729, 228.533161, 236.541718, 228.893869
179.049514, 189.148232, 199.999562, 189.399103
209.451047, 217.146526, 226.051092, 217.549555
240.161473, 242.789771, 246.594912, 243.182052
200.750840, 208.593127, 217.260172, 208.868046
222.490656, 227.639464, 233.681139, 227.937086
235.860919, 239.624848, 244.471089, 239.985619
230.908826, 235.375742, 240.677473, 235.654013
222.865297, 228.470231, 235.239798, 228.858442
171.185783, 180.592188, 190.810188, 180.862720
240.597342, 242.977270, 246.346114, 243.306909
215.376117, 222.501625, 230.446574, 222.774772
181.626179, 191.411396, 201.480614, 191.506063
212.088262, 219.222610, 227.492486, 219.601119
149.510996, 159.344926, 169.268636, 159.374853
153.293117, 163.700802, 174.763682, 163.919200
201.054583, 209.899929, 218.830220, 209.928244
183.314558, 192.236650, 199.870546, 191.807251
224.228999, 230.419794, 236.800186, 230.482993
244.871393, 246.469284, 249.442539, 246.927739
253.130660, 253.145367, 253.221317, 253.165781
252.245244, 252.345228, 253.434181, 252.674884
252.264180, 252.363252, 253.430661, 252.686031
252.682087, 252.768510, 253.602276, 253.017624
253.277063, 253.297721, 253.373780, 253.316188
252.815437, 252.888709, 253.554159, 253.086102
252.718285, 252.966776, 253.973517, 253.219526
251.187668, 252.068358, 253.718046, 252.324691
252.288563, 252.738139, 253.846017, 252.957573
253.429159, 253.602997, 254.142551, 253.724902
252.110773, 252.543245, 253.974113, 252.876043
254.319118, 254.319208, 254.319203, 254.319177
253.973210, 253.976636, 253.977072, 253.975639
254.128736, 254.129172, 254.129141, 254.129017
253.311244, 253.369899, 253.843614, 253.508252
245.183305, 248.322830, 252.246419, 248.584185
241.848919, 246.443122, 251.988972, 246.760338
251.474149, 252.158141, 253.694633, 252.442307
254.077351, 254.090519, 254.136941, 254.101604
254.060428, 254.062201, 254.062213, 254.061614
253.666199, 253.747113, 253.999715, 253.804342
253.884131, 253.892063, 253.911995, 253.896063
252.658999, 252.704054, 253.650390, 253.004481
248.940516, 249.893812, 252.077485, 250.303938
251.129766, 251.680547, 253.450689, 252.087000
252.828125, 252.956154, 254.132589, 253.305622
253.463771, 253.488218, 253.690876, 253.547622
252.284655, 252.541868, 253.693608, 252.840044
251.906793, 252.320826, 253.404583, 252.544067
251.321757, 251.844460, 253.303302, 252.156506
250.546757, 251.218517, 252.852247, 251.539174
245.561820, 247.544250, 250.997514, 248.034528
223.099533, 231.586997, 244.889268, 233.191933
195.322171, 211.431362, 236.700514, 214.484683
101.213636, 149.238398, 213.291372, 154.581135
103.341700, 151.632291, 216.468335, 157.147442
116.946335, 161.331643, 223.439756, 167.239245
179.580954, 201.936360, 236.076256, 205.864524
219.167959, 228.873492, 244.821817, 230.954422
168.557732, 195.294225, 236.117902, 199.989953
141.886442, 176.990556, 228.541599, 182.472866
127.001655, 168.235487, 226.606774, 173.947972
157.693279, 187.919665, 233.445670, 193.019538
122.821698, 165.747440, 225.838483, 171.469207
125.118947, 166.991109, 225.999585, 172.703214
132.052820, 170.569934, 224.019090, 175.547281
120.344585, 163.850957, 222.766338, 168.987294
216.549932, 224.906749, 238.043329, 226.500003
123.342809, 164.713076, 221.799588, 169.951825
91.209844, 142.543272, 208.711616, 147.488244
183.487608, 199.348649, 227.194358, 203.343538
114.314475, 135.256111, 164.919647, 138.163411
135.774575, 166.377547, 209.894647, 170.682256
156.017880, 170.392580, 193.091272, 173.167244
204.642422, 218.028096, 238.371731, 220.347417
232.824144, 237.619953, 245.178291, 238.540796
141.290160, 155.375118, 173.306728, 156.657335
168.538310, 193.959309, 229.416302, 197.304640
157.040520, 183.415174, 219.742448, 186.732714
201.257418, 215.135941, 235.494244, 217.295867
246.036778, 246.448307, 246.792325, 246.425803
235.722382, 238.653846, 242.730759, 239.035662
247.059451, 247.152661, 247.371482, 247.194531
252.924121, 252.926241, 252.939059, 252.929807
250.652789, 250.643160, 250.499009, 250.598320
106.440217, 117.149328, 131.125002, 118.238183
30.939654, 44.542371, 60.250841, 45.244289
62.187160, 78.098040, 103.304231, 81.196477
128.926520, 159.295455, 202.251485, 163.491154
115.089116, 148.732099, 195.356993, 153.059403
130.362370, 159.944144, 202.051852, 164.119455
117.975339, 152.293031, 198.150818, 156.139729
122.828564, 156.313675, 201.023942, 160.055394
77.371258, 124.894563, 181.052313, 127.772711
86.991037, 117.559293, 160.950315, 121.833549
103.042268, 116.682044, 140.034882, 119.919731
96.625984, 119.955635, 155.877207, 124.152942
129.413992, 143.798931, 166.492389, 146.568437
110.425004, 126.067120, 149.317922, 128.603349
139.780861, 149.830089, 165.772834, 151.794595
125.054700, 140.439902, 161.011753, 142.168785
115.816264, 135.110558, 157.452967, 136.126596
93.498261, 116.316358, 142.044090, 117.286236
93.460987, 111.411001, 132.223519, 112.365169
73.513850, 88.956987, 108.942289, 90.471042
48.124065, 62.467073, 82.094987, 64.228708
19.827086, 36.645296, 58.456916, 38.309766
33.380677, 29.744879, 36.994930, 33.373495
2.313313, 7.850072, 18.743843, 9.635743
0.672320, 3.391399, 10.177068, 4.746929
0.558076, 1.355036, 4.951227, 2.288113
0.628515, 0.648153, 1.941643, 1.072770
0.336134, 0.333057, 0.353590, 0.340927
0.279854, 0.274449, 0.277305, 0.277203
0.244722, 0.238677, 0.240763, 0.241388
0.212852, 0.209211, 0.210366, 0.210809
0.230418, 0.224486, 0.226278, 0.227061
0.222005, 0.216040, 0.217673, 0.218573
0.214528, 0.209671, 0.211030, 0.211743
0.204185, 0.200291, 0.201456, 0.201977
0.219000, 0.213893, 0.215370, 0.216088
0.216448, 0.211257, 0.212634, 0.213446
0.219911, 0.214727, 0.216272, 0.216970
0.223595, 0.217268, 0.218971, 0.219945
0.220702, 0.214419, 0.216182, 0.217101
0.214335, 0.209083, 0.210597, 0.211339
0.226563, 0.220167, 0.222051, 0.222927
0.237817, 0.228130, 0.230808, 0.232252
0.225301, 0.218953, 0.220770, 0.221675
0.225281, 0.218493, 0.220377, 0.221384
0.208882, 0.204784, 0.206007, 0.206558
0.212712, 0.208182, 0.209419, 0.210104
0.220190, 0.214728, 0.216285, 0.217067
0.214515, 0.209584, 0.211049, 0.211716
180926-sky40
0.284583, 0.252105, 0.262903, 0.266531
0.227207, 0.218749, 0.221275, 0.222410
1.163744, 1.338247, 3.188197, 1.896729
2.876953, 4.023040, 8.388028, 5.096007
4.355490, 7.916144, 15.765488, 9.345707
5.352053, 13.903046, 27.356858, 15.537319
14.021469, 31.139843, 54.021650, 33.060988
11.916889, 23.681191, 40.961046, 25.519709
10.964219, 24.707807, 44.031606, 26.567877
15.579853, 32.495402, 56.225253, 34.766836
35.392462, 51.594260, 77.388462, 54.791728
54.347024, 66.666815, 89.411748, 70.141863
58.558006, 68.225938, 87.346198, 71.376714
61.385419, 72.801844, 93.280367, 75.822543
41.640752, 49.479478, 63.893408, 51.671213
88.716183, 96.569098, 110.599642, 98.628308
76.305834, 86.789562, 106.499528, 89.864975
51.192399, 67.703925, 95.550197, 71.482174
99.029066, 106.331966, 116.887526, 107.416186
150.759544, 157.510165, 165.915814, 158.061841
157.653946, 166.312725, 177.213808, 167.060160
185.895156, 194.208409, 204.171797, 194.758454
218.379487, 224.136605, 231.552137, 224.689410
231.095388, 234.967991, 239.874415, 235.312598
235.931825, 239.674384, 244.962357, 240.189522
242.293122, 247.137448, 252.195655, 247.208742
254.923731, 254.923731, 254.923731, 254.923731
252.961388, 252.992616, 253.208637, 253.054214
237.826172, 239.673199, 241.017119, 239.505497
127.190549, 135.656063, 144.080620, 135.642411
207.404559, 214.493120, 222.515655, 214.804445
205.295109, 213.146837, 221.188261, 213.210069
137.508028, 146.094106, 156.092323, 146.564819
89.609691, 96.268623, 104.852370, 96.910228
141.966166, 150.430719, 160.201963, 150.866283
174.916075, 182.848680, 191.955237, 183.239997
214.878475, 220.846382, 227.471215, 221.065357
208.195945, 215.699333, 223.134111, 215.676463
206.143112, 213.133782, 220.287990, 213.188295
193.238208, 201.265068, 210.048766, 201.517348
186.022460, 194.196269, 203.723878, 194.647536
224.181859, 229.371235, 236.259929, 229.937674
242.917101, 244.755237, 247.778773, 245.150370
247.618739, 248.557153, 250.121922, 248.765938
236.394916, 239.880056, 244.692099, 240.322357
249.478891, 250.375614, 252.079045, 250.644517
251.303263, 251.714119, 253.218434, 252.078605
252.478167, 252.813001, 253.759916, 253.017028
243.075294, 244.937740, 248.289777, 245.434270
231.738176, 236.263424, 242.204349, 236.735317
225.692454, 230.797210, 237.485645, 231.325103
159.526068, 168.789782, 180.710733, 169.675527
175.542649, 184.099929, 194.436170, 184.692916
216.304960, 221.519614, 227.065162, 221.629912
223.373677, 227.915598, 233.598251, 228.295842
214.401679, 220.412204, 227.928182, 220.914022
232.184102, 235.877941, 241.083792, 236.381945
242.124834, 244.052782, 246.880874, 244.352830
207.161585, 214.057568, 221.585004, 214.268053
254.157338, 254.193861, 254.333977, 254.228392
249.769432, 250.664890, 252.861169, 251.098497
214.213477, 219.717249, 226.784807, 220.238511
228.743212, 233.639808, 239.883824, 234.088948
251.425094, 251.923737, 253.137717, 252.162183
218.849979, 225.121890, 232.642393, 225.538087
229.743608, 234.495035, 240.634408, 234.957684
252.897483, 253.318560, 254.027042, 253.414361
252.322613, 252.569863, 253.266146, 252.719541
244.547077, 246.260735, 249.016323, 246.608045
189.522119, 197.462708, 206.333510, 197.772779
241.596750, 244.300248, 248.272350, 244.723116
252.921178, 253.291764, 254.182612, 253.465185
246.090918, 249.180665, 253.323709, 249.531764
247.913639, 250.251984, 253.412674, 250.526099
251.772150, 252.536583, 254.216531, 252.841755
239.572740, 242.269390, 246.290375, 242.710835
251.710882, 252.112872, 253.250602, 252.358119
254.322460, 254.334199, 254.369034, 254.341898
251.294336, 251.658488, 252.781114, 251.911313
226.247293, 230.652657, 235.666452, 230.855467
214.130900, 219.932035, 226.220899, 220.094611
170.396765, 179.733874, 189.342977, 179.824538
164.828581, 174.361637, 183.911423, 174.367213
228.214439, 232.877854, 238.458944, 233.183746
221.989120, 227.987524, 235.175859, 228.384168
227.591981, 232.029044, 237.848954, 232.489993
237.359167, 240.696196, 245.119762, 241.058375
191.274201, 198.697892, 207.870642, 199.280912
202.701424, 210.056524, 218.921671, 210.559873
193.704689, 201.712952, 210.518139, 201.978594
218.994823, 224.588858, 231.817500, 225.133727
211.748546, 218.420568, 226.680700, 218.949938
184.943493, 193.647584, 203.189566, 193.926881
134.699743, 143.592062, 153.781880, 144.024562
163.592540, 171.871656, 181.004762, 172.156319
127.140236, 135.811725, 145.595563, 136.182508
143.108239, 152.914053, 162.875313, 152.965868
192.526191, 199.484787, 205.408465, 199.139814
202.118988, 209.334273, 217.769223, 209.740828
201.738200, 209.228439, 218.248035, 209.738225
156.730547, 165.538376, 176.216447, 166.161790
129.747427, 138.492091, 149.543241, 139.260919
204.471384, 210.870091, 218.494503, 211.278659
209.981510, 216.321204, 224.145269, 216.815994
221.938647, 227.533004, 235.190258, 228.220637
211.443583, 217.621838, 225.487213, 218.184212
199.702142, 207.610930, 218.128021, 208.480364
241.469096, 243.460897, 247.140935, 244.023642
248.472341, 249.929130, 252.555788, 250.319087
244.791706, 247.012032, 250.545153, 247.449630
239.659653, 242.692354, 247.644207, 243.332071
238.583642, 242.298507, 247.973418, 242.951856
244.899163, 246.528222, 249.579525, 247.002303
235.539648, 238.188961, 242.137799, 238.622136
249.898712, 250.074544, 250.731798, 250.235018
193.031776, 202.445740, 217.278319, 204.251945
217.675829, 224.415431, 234.142462, 225.411241
231.578803, 235.474684, 240.823774, 235.959087
232.171639, 239.179528, 248.714388, 240.021852
216.520910, 229.521331, 246.628042, 230.890094
229.740610, 233.877099, 240.660032, 234.759247
143.209211, 151.513025, 163.331461, 152.684565
70.004876, 76.665338, 89.178513, 78.616242
133.824100, 139.601000, 149.203107, 140.876069
76.996038, 81.622332, 90.302846, 82.973739
70.353207, 76.512788, 87.087720, 77.984572
135.221079, 144.621156, 161.341483, 147.061239
112.878016, 121.069755, 136.419481, 123.455751
130.869064, 140.489224, 157.579496, 142.979261
106.414488, 115.994286, 133.726143, 118.711639
95.873568, 102.945249, 115.799459, 104.872759
125.764823, 133.450642, 148.443917, 135.886461
100.076035, 107.962679, 122.922606, 110.320440
110.264110, 121.491774, 142.041002, 124.598962
111.438291, 119.998139, 137.841358, 123.092596
141.546519, 153.369287, 174.588730, 156.501512
96.597244, 103.973970, 119.154659, 106.575291
95.105204, 102.070774, 116.391087, 104.522355
103.005002, 110.576645, 127.341496, 113.641048
131.203376, 140.428130, 158.903941, 143.511816
128.838376, 139.418741, 160.209088, 142.822068
115.371741, 126.184306, 147.470442, 129.675496
94.277549, 105.451095, 127.719719, 109.149454
70.725451, 83.572381, 108.302525, 87.533452
52.028696, 65.125853, 89.403398, 68.852649
40.150752, 55.867644, 81.664342, 59.227579
33.334817, 45.139611, 66.488396, 48.320942
25.925489, 29.586123, 43.041157, 32.850923
17.821598, 17.253027, 22.431225, 19.168617
6.710006, 6.671182, 11.091122, 8.157436
2.881515, 2.503436, 4.502662, 3.295871
0.727514, 0.728011, 1.025399, 0.826975
0.353803, 0.344853, 0.352036, 0.350231
0.261163, 0.252406, 0.255522, 0.256363
0.253525, 0.239195, 0.243621, 0.245447
0.247322, 0.234535, 0.238515, 0.240124
0.232022, 0.221954, 0.225052, 0.226343
0.211464, 0.205283, 0.207208, 0.207985
0.229648, 0.219140, 0.222340, 0.223709
0.217937, 0.210708, 0.212912, 0.213852
0.213452, 0.207438, 0.209351, 0.210080
0.222954, 0.215352, 0.217837, 0.218714
0.219728, 0.212473, 0.214806, 0.215669
0.227476, 0.218895, 0.221531, 0.222634
0.221866, 0.213952, 0.216490, 0.217436
0.222024, 0.213458, 0.216013, 0.217165
0.224511, 0.215663, 0.218415, 0.219529
0.232537, 0.222219, 0.225444, 0.226733
0.209394, 0.202792, 0.204813, 0.205666
0.232258, 0.221437, 0.224734, 0.226143
0.216777, 0.210158, 0.212208, 0.213048
0.231751, 0.220793, 0.224089, 0.225544
0.230990, 0.221443, 0.224293, 0.225575
0.228883, 0.220987, 0.223516, 0.224462
0.212979, 0.206660, 0.208635, 0.209425
0.228055, 0.218223, 0.221206, 0.222495
0.213318, 0.206983, 0.209084, 0.209795
0.224596, 0.215629, 0.218419, 0.219548
0.232084, 0.221810, 0.224854, 0.226249
0.211667, 0.205653, 0.207626, 0.208315
0.219921, 0.213114, 0.215197, 0.216077
0.220917, 0.212698, 0.215263, 0.216292
181221-sky50
0.211454, 0.205972, 0.207864, 0.208430
0.213800, 0.206494, 0.208731, 0.209675
0.212087, 0.204425, 0.206851, 0.207788
0.214955, 0.211617, 0.212730, 0.213101
0.239434, 0.230547, 0.233517, 0.234499
0.254420, 0.244672, 0.247992, 0.249028
0.330260, 0.319422, 0.324874, 0.324852
0.539733, 0.534895, 0.588399, 0.554343
0.769018, 0.800810, 1.137580, 0.902469
1.273828, 1.603003, 3.524841, 2.133891
3.177541, 4.312711, 8.399707, 5.296653
4.378782, 7.414313, 13.313228, 8.368774
5.450456, 10.441664, 19.101635, 11.664585
5.975748, 12.923791, 23.257036, 14.052192
5.887093, 11.527178, 20.503681, 12.639317
8.326281, 11.990744, 18.892305, 13.069777
13.008269, 17.870605, 27.211451, 19.363442
12.455902, 15.298563, 21.241980, 16.332148
14.109171, 16.295714, 21.231416, 17.212101
12.740550, 17.525247, 26.520032, 18.928610
15.058356, 20.238824, 30.132433, 21.809871
32.622751, 37.457862, 47.749879, 39.276830
36.624749, 43.949226, 58.035724, 46.203233
51.885518, 58.861017, 72.543947, 61.096827
64.130789, 69.172374, 80.426163, 71.243109
77.873391, 82.572714, 93.437201, 84.627769
78.748896, 86.288180, 102.913883, 89.316987
85.055951, 93.164057, 110.349093, 96.189701
95.251408, 102.085158, 115.147023, 104.161196
143.796298, 151.446962, 164.247468, 153.163576
153.918265, 161.004665, 172.625952, 162.516294
138.860273, 148.380083, 165.940140, 151.060165
102.807073, 113.834047, 135.001686, 117.214269
58.979479, 70.767869, 93.225503, 74.324284
83.936098, 93.789918, 113.423084, 97.049700
68.493350, 75.199026, 88.505938, 77.399438
120.682627, 130.216665, 148.706908, 133.202066
127.146870, 136.556380, 154.205495, 139.302915
150.794332, 159.968083, 176.521277, 162.427897
125.055037, 133.453738, 148.579189, 135.695988
140.526335, 148.632164, 161.421652, 150.193384
140.398676, 147.608856, 158.441910, 148.816480
105.507145, 112.821913, 124.995410, 114.441489
141.010767, 148.607552, 160.685823, 150.101381
171.394485, 178.318830, 188.744704, 179.486006
123.888887, 132.447227, 148.877531, 135.071215
88.414309, 95.933368, 110.830392, 98.392690
90.484355, 97.304293, 109.220699, 99.003116
92.039365, 98.008810, 108.599402, 99.549193
117.745928, 124.770688, 135.984629, 126.167082
120.823690, 127.327118, 138.468093, 128.872967
94.345660, 99.808081, 109.970977, 101.374906
155.862975, 162.839661, 173.469900, 164.057512
138.925408, 145.987742, 156.908531, 147.273894
138.795054, 144.723954, 153.722257, 145.747088
187.004266, 191.879863, 199.219405, 192.701178
152.262961, 158.820962, 169.788011, 160.290645
123.396432, 129.317500, 139.227355, 130.647096
147.906181, 154.370248, 165.048035, 155.774821
114.976016, 121.992976, 135.465691, 124.144894
123.645999, 131.011827, 144.065854, 132.907893
99.010138, 105.285189, 116.639275, 106.978201
116.465638, 123.351865, 134.314038, 124.710514
94.023205, 98.797188, 108.021337, 100.280577
112.789993, 118.256617, 127.767554, 119.604721
149.537458, 156.083319, 165.613139, 157.077972
162.557996, 169.084067, 178.689026, 170.110363
167.725744, 173.652702, 182.482223, 174.620223
186.668703, 191.756492, 200.127255, 192.850816
190.782562, 196.346106, 204.529353, 197.219340
172.876945, 179.781595, 189.850658, 180.836399
142.612590, 149.208659, 160.252026, 150.691091
178.763567, 185.206728, 194.193814, 186.054703
176.946537, 183.307499, 192.102188, 184.118741
198.711315, 203.832472, 211.312670, 204.618819
210.481840, 215.649871, 224.141955, 216.757889
177.595700, 184.360068, 193.951621, 185.302463
178.739666, 185.528330, 195.272370, 186.513456
115.516423, 122.681587, 136.715986, 124.971332
107.484957, 114.523312, 128.023288, 116.677186
84.967642, 91.077412, 103.643929, 93.229661
81.704524, 88.040762, 100.425982, 90.057089
57.385286, 62.285545, 72.535654, 64.068829
69.343631, 74.143200, 83.447166, 75.644665
76.493496, 80.794779, 89.666637, 82.318304
104.189996, 110.265733, 120.570096, 111.675275
103.767070, 109.784846, 120.298075, 111.283330
67.660378, 71.837095, 80.342471, 73.279981
51.281073, 55.194695, 61.927461, 56.134410
70.628261, 73.782153, 80.710354, 75.040256
107.882410, 112.311093, 121.060738, 113.751414
99.468457, 103.526017, 112.775152, 105.256542
115.205988, 121.300333, 132.104673, 122.870331
108.942387, 114.752901, 125.893077, 116.529455
141.723504, 149.005511, 161.629119, 150.786045
133.326829, 140.303712, 153.201113, 142.277218
149.214943, 156.728830, 170.165687, 158.703153
180.301257, 186.991838, 199.160226, 188.817774
171.845245, 179.250574, 192.146172, 181.080664
153.406953, 159.880120, 172.235854, 161.840975
132.859414, 140.023096, 153.365431, 142.082647
126.708940, 133.634402, 146.914598, 135.752647
147.967666, 155.495231, 170.721888, 158.061595
111.534171, 118.831913, 133.524763, 121.296949
108.015344, 115.518221, 131.045544, 118.193037
98.805246, 105.710703, 120.471125, 108.329025
84.312606, 90.881158, 104.923973, 93.372579
59.199359, 64.639810, 76.764445, 66.867871
64.401257, 70.643973, 84.311156, 73.118795
43.938519, 49.794979, 62.431252, 52.054917
40.543077, 47.164866, 61.213305, 49.640416
24.299475, 30.266520, 42.447976, 32.337990
18.380552, 23.626078, 34.750256, 25.585629
14.076825, 18.105508, 27.630357, 19.937563
11.482927, 14.818589, 22.249381, 16.183632
11.757119, 15.609905, 24.032160, 17.133061
9.573963, 12.456447, 19.010829, 13.680413
7.169746, 8.923331, 13.799054, 9.964044
5.271765, 6.621935, 11.196647, 7.696783
3.870360, 6.102301, 11.490351, 7.154337
2.516545, 3.683680, 7.912074, 4.704099
1.234504, 1.599585, 3.595393, 2.143161
0.999928, 1.134952, 2.659747, 1.598209
0.719338, 0.728642, 1.031845, 0.826608
0.506107, 0.499034, 0.560005, 0.521715
0.301354, 0.294564, 0.297872, 0.297930
0.270105, 0.256881, 0.261791, 0.262926
0.225745, 0.217894, 0.220738, 0.221459
0.234360, 0.224621, 0.227853, 0.228945
0.221726, 0.210803, 0.215721, 0.216084
0.238150, 0.226090, 0.230062, 0.231434
0.231886, 0.221420, 0.224920, 0.226075
0.227496, 0.217007, 0.220531, 0.221678
0.227588, 0.218610, 0.221774, 0.222657
